Posição (mm) - Plot 0	Força (N) - Plot 0	Posição (mm) - Plot 1	Força (N) - Plot 1
0	-4,816		
0	-37,6		
0,006	-32,229		
0,018	-28,71		
0,029	-34,637		
0,04	-30,932		
0,05	-27,228		
0,062	-16,67		
0,074	-22,412		
0,087	-15,188		
0,099	-16,3		
0,11	-13,336		
0,121	-18,337		
0,133	-30,377		
0,146	-29,265		
0,16	-27,598		
0,172	-22,412		
0,185	-30,006		
0,199	-39,082		
0,213	-34,822		
0,228	-22,042		
0,24	-23,153		
0,253	-23,709		
0,264	-8,335		
0,276	-8,52		
0,286	-17,226		
0,298	-2,408		
0,309	-3,334		
0,321	-8,335		
0,332	-8,335		
0,342	-12,41		
0,353	-16,67		
0,364	-8,335		
0,377	-0,185		
0,391	6,668		
0,41	9,632		
0,426	15,929		
0,443	22,968		
0,454	13,707		
0,465	14,633		
0,474	19,263		
0,484	19,634		
0,495	18,152		
0,505	23,338		
0,517	21,301		
0,527	20,004		
0,537	23,523		
0,548	19,634		
0,559	13,707		
0,572	7,779		
0,582	8,52		
0,593	7,965		
0,603	7,224		
0,616	22,412		
0,628	25,19		
0,642	26,302		
0,652	36,674		
0,67	42,972		
0,681	46,676		
0,692	47,232		
0,702	42,787		
0,713	44,083		
0,723	46,862		
0,733	50,381		
0,744	48,899		
0,754	42,601		
0,765	32,229		
0,776	32,599		
0,786	32,785		
0,796	26,857		
0,807	24,449		
0,82	26,302		
0,83	42,046		
0,84	47,047		
0,851	44,083		
0,862	42,231		
0,872	42,231		
0,882	45,565		
0,894	40,008		
0,907	48,343		
0,921	51,122		
0,932	55,382		
0,945	75,201		
0,956	81,313		
0,974	82,61		
0,984	83,165		
0,995	74,46		
1,006	71,126		
1,017	82,239		
1,028	88,537		
1,038	82,054		
1,049	72,608		
1,06	66,866		
1,071	58,901		
1,082	58,345		
1,093	65,754		
1,105	70,385		
1,117	76,127		
1,129	100,206		
1,148	100,762		
1,158	97,428		
1,168	97,242		
1,177	96,687		
1,188	99,465		
1,199	100,391		
1,21	100,947		
1,222	82,239		
1,232	81,869		
1,242	87,611		
1,253	97,798		
1,264	104,651		
1,274	98,724		
1,285	97,428		
1,298	96,872		
1,31	90,945		
1,323	90,574		
1,333	112,986		
1,347	123,914		
1,361	120,58		
1,373	124,841		
1,385	124,285		
1,395	125,026		
1,407	118,913		
1,418	117,617		
1,428	125,026		
1,438	120,025		
1,45	123,729		
1,462	127,804		
1,474	132,805		
1,486	143,919		
1,498	146,327		
1,508	148,549		
1,52	152,068		
1,53	155,773		
1,541	137,251		
1,551	127,063		
1,561	121,321		
1,571	120,766		
1,581	125,581		
1,592	133,917		
1,603	145,215		
1,615	149,105		
1,625	150,772		
1,637	159,477		
1,651	157,81		
1,663	154,106		
1,677	148,734		
1,69	143,178		
1,702	157,069		
1,718	162,07		
1,732	166,516		
1,743	178,555		
1,755	146,141		
1,766	147,808		
1,776	148,734		
1,787	152,439		
1,798	157,625		
1,81	153,921		
1,823	151,328		
1,834	158,366		
1,845	170,961		
1,855	175,777		
1,867	160,774		
1,878	163,738		
1,889	167,072		
1,9	169,479		
1,911	160,774		
1,923	154,291		
1,933	159,848		
1,944	169,665		
1,955	173,554		
1,967	172,628		
1,98	167,627		
1,992	173,925		
2,005	173,925		
2,018	169,294		
2,029	178,37		
2,039	164,664		
2,05	166,145		
2,062	171,332		
2,074	177,074		
2,084	185,779		
2,097	181,519		
2,107	173,184		
2,118	170,961		
2,128	166,701		
2,139	166,516		
2,151	172,813		
2,162	175,962		
2,175	186,335		
2,184	181,889		
2,196	162,256		
2,209	166,331		
2,223	172,813		
2,235	172,443		
2,245	174,851		
2,257	179,296		
2,269	172,443		
2,28	172,443		
2,292	179,111		
2,303	169,665		
2,314	169,665		
2,328	162,997		
2,341	163,182		
2,353	167,998		
2,366	175,221		
2,381	174,666		
2,394	178		
2,405	177,814		
2,418	178,555		
2,431	172,443		
2,442	161,33		
2,453	158,551		
2,463	155,402		
2,474	164,664		
2,486	158,736		
2,496	160,959		
2,507	161,7		
2,518	157,625		
2,53	155,217		
2,541	156,143		
2,553	165,775		
2,565	182,445		
2,578	173,184		
2,59	168,553		
2,6	175,962		
2,614	183,001		
2,626	186,89		
2,639	186,89		
2,651	172,073		
2,664	166,516		
2,676	181,889		
2,687	179,852		
2,699	169,85		
2,711	172,073		
2,723	182,816		
2,735	180,963		
2,748	169,479		
2,76	157,44		
2,772	154,291		
2,784	160,218		
2,795	165,405		
2,806	167,627		
2,82	185,594		
2,831	183,371		
2,842	177,814		
2,853	162,997		
2,865	152,624		
2,876	159,663		
2,888	172,813		
2,899	172,628		
2,909	164,293		
2,921	163,552		
2,932	168,368		
2,943	167,257		
2,954	172,073		
2,966	179,111		
2,978	179,111		
2,99	182,816		
3,001	177,074		
3,014	184,853		
3,026	186,15		
3,037	191,891		
3,049	188,372		
3,058	176,147		
3,071	173,554		
3,082	173,74		
3,092	169,109		
3,106	161,144		
3,119	163,738		
3,133	157,996		
3,146	161,144		
3,159	169,85		
3,17	176,703		
3,18	178,741		
3,192	166,886		
3,203	172,628		
3,216	186,335		
3,227	185,223		
3,237	178,37		
3,248	174,11		
3,259	168,368		
3,271	165,405		
3,281	164,664		
3,291	177,444		
3,304	177,444		
3,317	187,261		
3,33	196,522		
3,342	129,656		
3,356	106,133		
3,369	92,982		
3,382	73,534		
3,396	76,312		
3,41	80,572		
3,425	96,316		
3,436	98,724		
3,449	94,093		
3,461	85,388		
3,474	97,798		
3,486	90,945		
3,499	98,724		
3,512	105,022		
3,523	101,873		
3,534	93,538		
3,545	78,535		
3,557	96,316		
3,568	101,502		
3,58	99,095		
3,591	100,206		
3,602	101,317		
3,615	100,391		
3,627	93,538		
3,639	89,463		
3,652	85,203		
3,665	84,091		
3,678	80,202		
3,69	74,83		
3,701	90,759		
3,713	80,943		
3,725	77,423		
3,739	75,571		
3,75	67,236		
3,761	66,866		
3,775	68,347		
3,787	81,128		
3,798	80,943		
3,809	78,35		
3,822	80,017		
3,833	69,459		
3,845	70,755		
3,857	74,46		
3,868	73,904		
3,878	81,684		
3,891	81,684		
3,904	90,019		
3,92	82,424		
3,933	81,313		
3,945	85,573		
3,958	83,536		
3,971	75,015		
3,984	70,755		
3,997	74,645		
4,011	71,496		
4,024	72,052		
4,037	84,832		
4,05	86,499		
4,062	77,979		
4,075	79,276		
4,087	82,61		
4,099	66,495		
4,111	91,13		
4,122	85,573		
4,133	80,387		
4,146	88,166		
4,159	85,944		
4,171	77,794		
4,186	77,609		
4,199	74,83		
4,212	77,238		
4,224	86,685		
4,237	81,128		
4,25	64,273		
4,261	57,604		
4,273	66,495		
4,284	82,054		
4,296	94,464		
4,306	89,648		
4,319	93,538		
4,33	94,464		
4,34	76,868		
4,353	65,569		
4,365	61,865		
4,378	71,867		
4,388	75,756		
4,399	86,129		
4,412	80,387		
4,423	60,568		
4,434	64,273		
4,445	73,534		
4,457	76,497		
4,474	79,646		
4,488	79,831		
4,5	76,868		
4,514	66,866		
4,525	55,937		
4,536	49,269		
4,548	55,011		
4,559	52,974		
4,571	51,122		
4,585	75,386		
4,599	75,015		
4,612	73,348		
4,624	73,904		
4,635	80,572		
4,646	83,351		
4,657	78,905		
4,669	72,608		
4,683	71,681		
4,695	58,16		
4,708	63,902		
4,721	59,271		
4,734	59,271		
4,745	61,865		
4,755	58,531		
4,767	46,862		
4,777	55,567		
4,79	65,013		
4,803	65,199		
4,815	67,051		
4,828	68,903		
4,839	67,607		
4,851	70,385		
4,862	71,311		
4,872	66,31		
4,886	66,68		
4,899	66,125		
4,912	71,496		
4,924	65,94		
4,936	54,085		
4,948	50,751		
4,96	50,751		
4,971	46,676		
4,982	49,455		
4,993	61,494		
5,003	61,494		
5,016	64,828		
5,026	62,42		
5,037	63,346		
5,048	64,828		
5,059	62,05		
5,071	59,457		
5,081	60,198		
5,093	50,566		
5,103	43,713		
5,114	44,454		
5,125	48,899		
5,138	39,082		
5,151	49,084		
5,162	49,825		
5,173	42,231		
5,184	41,12		
5,196	38,897		
5,207	36,304		
5,218	32,044		
5,229	33,896		
5,24	45,195		
5,252	52,418		
5,263	57,419		
5,275	59,642		
5,287	59,642		
5,3	51,863		
5,311	45,565		
5,324	44,083		
5,336	48,899		
5,348	50,196		
5,36	52,789		
5,371	47,417		
5,382	40,379		
5,393	38,526		
5,404	35,933		
5,418	36,859		
5,431	44,268		
5,442	56,308		
5,454	60,012		
5,465	60,198		
5,476	57,419		
5,487	60,939		
5,498	57,79		
5,51	46,306		
5,522	56,864		
5,535	59,271		
5,548	72,052		
5,559	62,42		
5,572	55,752		
5,587	45,935		
5,6	40,193		
5,611	40,193		
5,624	42,416		
5,637	45,935		
5,651	58,716		
5,663	59,271		
5,678	56,123		
5,691	42,416		
5,703	41,305		
5,715	36,859		
5,726	34,452		
5,737	32,414		
5,748	30,747		
5,761	29,821		
5,772	37,786		
5,784	48,343		
5,797	50,566		
5,81	55,382		
5,823	58,531		
5,836	49,084		
5,848	39,823		
5,86	36,674		
5,871	35,748		
5,885	53,344		
5,897	52,603		
5,91	54,456		
5,923	62,791		
5,936	52,603		
5,949	41,675		
5,962	49,455		
5,974	54,27		
5,989	44,454		
6,001	50,381		
6,016	56,493		
6,027	53,715		
6,041	61,309		
6,053	60,012		
6,068	47,602		
6,08	49,084		
6,093	45,009		
6,106	36,674		
6,117	31,303		
6,128	35,563		
6,139	30,377		
6,151	46,121		
6,162	57,419		
6,174	57,79		
6,188	55,567		
6,202	40,193		
6,216	35,007		
6,229	37,6		
6,242	39,267		
6,256	32,785		
6,269	32,785		
6,28	44,268		
6,293	51,863		
6,306	54,456		
6,316	49,825		
6,328	48,529		
6,34	49,084		
6,352	51,307		
6,364	58,716		
6,375	60,939		
6,386	64,828		
6,399	57,604		
6,41	52,789		
6,422	44,083		
6,434	29,08		
6,447	32,785		
6,46	39,823		
6,473	41,675		
6,484	40,008		
6,495	43,713		
6,505	50,196		
6,517	46,862		
6,528	42,972		
6,538	42,231		
6,551	45,195		
6,562	46,121		
6,574	44,639		
6,585	53,53		
6,598	51,492		
6,611	51,492		
6,622	65,94		
6,633	63,532		
6,646	59,086		
6,657	72,978		
6,668	55,752		
6,679	38,897		
6,691	42,046		
6,702	40,564		
6,713	46,676		
6,724	40,564		
6,736	44,824		
6,747	49,269		
6,759	52,974		
6,772	57,604		
6,785	52,048		
6,798	49,64		
6,811	34,452		
6,824	35,378		
6,836	42,601		
6,847	48,343		
6,858	46,862		
6,87	49,084		
6,881	47,788		
6,893	43,713		
6,904	46,491		
6,915	55,382		
6,928	55,937		
6,938	55,937		
6,949	58,531		
6,962	59,457		
6,974	60,383		
6,987	54,641		
7	54,456		
7,012	53,715		
7,026	60,753		
7,037	63,532		
7,048	61,865		
7,059	52,048		
7,072	35,563		
7,084	36,489		
7,096	46,676		
7,107	52,233		
7,12	56,493		
7,133	55,382		
7,146	32,229		
7,159	33,525		
7,171	31,858		
7,184	43,342		
7,196	57,049		
7,207	59,086		
7,218	55,382		
7,231	55,937		
7,245	59,271		
7,258	57,234		
7,271	52,418		
7,285	55,382		
7,298	58,345		
7,31	50,381		
7,324	42,787		
7,336	35,007		
7,348	33,896		
7,359	50,936		
7,37	49,084		
7,382	44,083		
7,394	54,27		
7,406	44,639		
7,418	31,303		
7,431	39,823		
7,444	44,824		
7,455	46,676		
7,468	47,417		
7,48	34,266		
7,494	32,97		
7,507	39,267		
7,52	49,084		
7,533	45,75		
7,545	53,715		
7,557	59,642		
7,568	50,566		
7,579	44,824		
7,59	44,824		
7,604	32,044		
7,616	35,933		
7,628	36,674		
7,639	41,305		
7,651	48,899		
7,662	50,566		
7,675	64,643		
7,689	62,235		
7,7	56,678		
7,713	57,604		
7,726	62,976		
7,739	66,68		
7,75	63,532		
7,762	64,643		
7,773	62,791		
7,784	57,049		
7,795	46,306		
7,806	47,232		
7,817	44,824		
7,83	44,454		
7,842	36,489		
7,854	38,526		
7,864	40,008		
7,876	40,379		
7,887	58,16		
7,898	63,346		
7,909	58,901		
7,92	58,901		
7,931	62,606		
7,941	65,94		
7,953	68,903		
7,964	59,271		
7,976	64,643		
7,989	61,865		
8,001	61,124		
8,012	64,643		
8,024	67,236		
8,037	63,161		
8,05	55,752		
8,062	57,234		
8,075	57,234		
8,088	53,159		
8,101	54,456		
8,111	55,197		
8,123	51,863		
8,134	59,086		
8,146	64,643		
8,158	63,717		
8,169	63,161		
8,182	68,162		
8,195	72,237		
8,207	68,347		
8,22	68,347		
8,233	50,01		
8,246	50,01		
8,259	40,193		
8,273	34,452		
8,285	43,342		
8,296	42,231		
8,308	55,011		
8,319	58,716		
8,331	65,199		
8,342	60,939		
8,354	55,382		
8,364	65,569		
8,377	74,645		
8,389	73,904		
8,402	62,235		
8,416	47,232		
8,429	39,267		
8,441	36,489		
8,454	45,009		
8,468	64,828		
8,48	68,903		
8,493	72,793		
8,505	73,163		
8,517	68,162		
8,528	63,532		
8,539	65,384		
8,55	63,902		
8,562	74,645		
8,573	73,348		
8,585	73,348		
8,597	60,753		
8,607	61,309		
8,62	73,163		
8,633	64,458		
8,647	57,975		
8,659	51,863		
8,671	46,862		
8,683	48,529		
8,694	45,009		
8,705	46,862		
8,717	52,789		
8,729	55,752		
8,742	67,792		
8,755	77,053		
8,767	68,162		
8,78	74,645		
8,793	80,572		
8,806	68,533		
8,819	67,051		
8,832	55,382		
8,845	47,602		
8,858	46,491		
8,871	52,418		
8,884	53,344		
8,898	58,531		
8,911	64,087		
8,924	69,459		
8,936	63,532		
8,95	55,937		
8,962	63,902		
8,975	82,054		
8,988	76,127		
8,999	77,053		
9,011	92,982		
9,023	81,313		
9,034	71,867		
9,045	83,721		
9,056	84,832		
9,069	68,718		
9,082	56,308		
9,095	60,568		
9,107	58,716		
9,12	60,568		
9,132	66,31		
9,143	53,715		
9,155	60,012		
9,166	76,312		
9,18	78,35		
9,192	75,386		
9,204	73,904		
9,218	66,31		
9,232	58,716		
9,243	58,716		
9,257	83,165		
9,271	96,316		
9,284	89,648		
9,296	80,017		
9,309	78,535		
9,322	75,756		
9,335	77,979		
9,349	91,13		
9,363	86,499		
9,376	85,944		
9,388	85,388		
9,404	72,793		
9,417	68,162		
9,43	62,235		
9,443	62,791		
9,456	70,57		
9,468	75,942		
9,482	72,793		
9,492	60,939		
9,504	68,347		
9,518	64,458		
9,53	62,976		
9,543	74,275		
9,557	84,647		
9,569	84,647		
9,582	85,944		
9,595	89,463		
9,608	90,389		
9,621	90,574		
9,633	90,204		
9,646	96,872		
9,659	93,167		
9,672	90,945		
9,685	90,574		
9,698	80,387		
9,709	73,904		
9,72	68,162		
9,732	77,053		
9,743	86,499		
9,754	81,128		
9,765	77,979		
9,776	77,053		
9,79	87,425		
9,802	86,314		
9,816	88,352		
9,829	82,98		
9,841	89,648		
9,854	99,28		
9,864	100,762		
9,877	87,055		
9,892	72,608		
9,904	69,088		
9,916	78,905		
9,928	87,981		
9,94	87,981		
9,953	92,982		
9,963	95,761		
9,976	92,241		
9,986	88,907		
9,997	81,869		
10,009	77,609		
10,021	87,981		
10,032	94,834		
10,043	96,687		
10,055	112,431		
10,067	107,8		
10,079	103,54		
10,091	105,577		
10,101	112,245		
10,114	112,986		
10,127	98,354		
10,138	90,204		
10,15	84,832		
10,162	85,018		
10,174	95,02		
10,187	107,059		
10,198	96,316		
10,21	96,131		
10,223	103,54		
10,235	103,54		
10,248	107,8		
10,26	100,391		
10,271	90,759		
10,284	92,612		
10,295	95,39		
10,309	89,463		
10,323	101,688		
10,336	120,951		
10,349	122,433		
10,361	109,467		
10,374	120,766		
10,387	116,32		
10,402	112,986		
10,412	122,618		
10,424	117,061		
10,435	122,988		
10,447	127,434		
10,459	121,136		
10,472	118,913		
10,483	133,546		
10,495	136,51		
10,506	127,434		
10,517	112,06		
10,53	97,428		
10,542	102,429		
10,555	113,727		
10,568	113,542		
10,581	108,17		
10,592	113,172		
10,603	126,137		
10,614	126,137		
10,627	121,507		
10,639	121,136		
10,652	123,359		
10,665	131,509		
10,677	133,176		
10,689	138,362		
10,7	139,103		
10,713	125,767		
10,726	119,099		
10,738	114,653		
10,752	118,173		
10,764	112,986		
10,777	107,8		
10,789	120,766		
10,8	127,989		
10,811	131,323		
10,822	140,955		
10,834	131,138		
10,845	133,731		
10,857	147,438		
10,867	149,661		
10,88	140,214		
10,893	140,214		
10,904	142,807		
10,915	147,808		
10,927	138,362		
10,937	127,804		
10,949	114,839		
10,96	108,541		
10,972	110,949		
10,983	113,542		
10,995	114,468		
11,005	129,656		
11,018	154,662		
11,028	155,402		
11,041	145,586		
11,053	148,92		
11,065	144,659		
11,076	125,026		
11,088	115,579		
11,1	118,913		
11,111	113,542		
11,124	114,653		
11,137	125,581		
11,15	133,546		
11,163	139,844		
11,175	141,881		
11,187	152,254		
11,2	151,513		
11,215	147,253		
11,227	139,103		
11,241	130,768		
11,254	147,808		
11,267	150,216		
11,28	154,662		
11,294	153,18		
11,306	157,069		
11,318	151,698		
11,33	139,658		
11,342	133,731		
11,355	131,138		
11,368	131,323		
11,382	125,211		
11,395	123,544		
11,407	141,325		
11,421	148,92		
11,434	150,401		
11,447	144,845		
11,458	145,956		
11,469	146,882		
11,482	147,438		
11,495	151,883		
11,508	147,623		
11,52	162,256		
11,533	165,034		
11,544	165,034		
11,555	148,549		
11,566	141,14		
11,578	143,548		
11,59	150,401		
11,603	160,218		
11,617	148,92		
11,63	140,399		
11,642	148,92		
11,655	153,18		
11,668	149,846		
11,679	162,256		
11,69	163,367		
11,703	167,257		
11,716	168,368		
11,73	164,664		
11,742	177,814		
11,755	185,964		
11,768	170,776		
11,782	169,479		
11,796	159,848		
11,809	161,515		
11,822	161,885		
11,833	159,107		
11,846	157,81		
11,859	155,773		
11,871	155,773		
11,884	149,105		
11,897	152,439		
11,909	167,627		
11,923	161,33		
11,934	155,958		
11,945	153,55		
11,957	149,29		
11,968	151,328		
11,979	154,847		
11,991	172,999		
12,002	179,667		
12,014	183,556		
12,027	190,965		
12,037	190,41		
12,049	185,223		
12,059	166,516		
12,072	159,663		
12,084	166,701		
12,097	180,408		
12,11	184,112		
12,121	190,224		
12,133	185,223		
12,144	189,113		
12,157	182,63		
12,17	185,223		
12,184	194,114		
12,198	183,742		
12,211	183,742		
12,223	191,336		
12,236	196,152		
12,248	182,26		
12,263	174,11		
12,276	170,406		
12,289	170,22		
12,301	182,445		
12,312	192,818		
12,324	203,19		
12,338	203,931		
12,35	200,412		
12,361	201,708		
12,373	215,044		
12,384	216,526		
12,396	208,191		
12,409	195,966		
12,421	191,336		
12,432	201,153		
12,445	189,298		
12,458	198,745		
12,471	209,117		
12,484	205,042		
12,496	191,151		
12,508	191,706		
12,52	192,632		
12,531	204,487		
12,543	204,487		
12,555	210,043		
12,566	206,895		
12,579	222,639		
12,595	223,379		
12,608	213,007		
12,62	202,079		
12,633	200,597		
12,645	198,56		
12,657	206,154		
12,669	208,932		
12,681	219,119		
12,692	217,082		
12,704	206,895		
12,718	212,266		
12,73	220,045		
12,744	230,974		
12,759	237,271		
12,772	241,346		
12,784	244,495		
12,796	238,753		
12,806	243,939		
12,817	248,014		
12,829	246,718		
12,842	252,645		
12,855	241,902		
12,869	241,902		
12,882	226,158		
12,893	221,898		
12,905	245,236		
12,915	245,791		
12,928	252,274		
12,941	254,867		
12,953	251,533		
12,966	266,351		
12,983	267,092		
12,995	261,721		
13,008	256,349		
13,021	254,867		
13,032	268,944		
13,043	275,057		
13,056	276,909		
13,068	276,909		
13,079	281,354		
13,092	283,207		
13,103	277,465		
13,116	269,685		
13,127	267,277		
13,139	276,539		
13,15	280,428		
13,162	273,76		
13,175	281,169		
13,189	285,615		
13,201	282,095		
13,213	287,096		
13,224	277,465		
13,235	265,425		
13,248	264,314		
13,261	261,535		
13,274	270,982		
13,286	268,944		
13,299	270,426		
13,31	271,723		
13,322	273,945		
13,332	280,058		
13,344	285,244		
13,357	300,062		
13,37	313,583		
13,382	313,583		
13,393	308,027		
13,406	301,729		
13,419	286,355		
13,431	285,429		
13,444	305,804		
13,456	310,805		
13,47	307,841		
13,482	303,766		
13,495	307,841		
13,506	309,323		
13,518	320,066		
13,53	316,176		
13,54	314,324		
13,551	322,289		
13,562	314,509		
13,573	313,028		
13,585	316,362		
13,595	322,474		
13,607	320,251		
13,619	319,51		
13,63	319,696		
13,642	326,919		
13,653	331,179		
13,665	329,883		
13,676	336,181		
13,687	330,994		
13,698	320,066		
13,709	322,844		
13,72	329,698		
13,733	338,959		
13,746	329,698		
13,759	318,029		
13,773	320,251		
13,784	335,254		
13,796	346,553		
13,809	343,589		
13,819	343,034		
13,829	353,962		
13,841	351,554		
13,851	360,445		
13,865	360,445		
13,877	373,04		
13,889	353,962		
13,9	351,554		
13,912	339,329		
13,923	337,662		
13,934	350,628		
13,945	360,63		
13,957	357,666		
13,968	361,371		
13,979	353,036		
13,991	361,741		
14,005	358,593		
14,02	353,592		
14,031	343,219		
14,043	369,891		
14,054	376,744		
14,066	373,225		
14,077	389,71		
14,09	391,377		
14,101	370,632		
14,111	366,187		
14,122	371,188		
14,133	374,707		
14,144	388,599		
14,155	382,857		
14,165	383,227		
14,177	377,115		
14,187	377,115		
14,198	378,041		
14,21	371,188		
14,223	369,521		
14,236	380,449		
14,248	378,041		
14,261	391,933		
14,274	399,342		
14,287	389,154		
14,298	394,341		
14,309	397,675		
14,32	400,453		
14,333	409,714		
14,344	415,456		
14,354	408,232		
14,366	407,862		
14,377	407,121		
14,389	387,487		
14,402	245,236		
14,414	92,426		
14,425	69,829		
14,437	70,385		
14,449	73,719		
14,462	95,946		
14,474	102,243		
14,486	101,873		
14,498	97,983		
14,509	94,093		
14,521	94,093		
14,531	98,539		
14,543	107,8		
14,556	99,835		
14,569	88,907		
14,585	89,463		
14,596	98,909		
14,607	102,058		
14,618	90,759		
14,63	98,539		
14,641	108,541		
14,654	103,169		
14,668	99,095		
14,683	98,724		
14,695	110,393		
14,709	119,099		
14,721	125,767		
14,732	114,653		
14,745	116,876		
14,759	119,84		
14,771	115,209		
14,786	117,987		
14,799	127,248		
14,812	134,843		
14,825	129,101		
14,837	132,25		
14,85	132,25		
14,861	121,692		
14,875	138,547		
14,889	153,18		
14,902	140,214		
14,916	125,581		
14,93	127,434		
14,941	125,396		
14,953	119,654		
14,966	144,474		
14,98	147,808		
14,993	145,586		
15,005	149,661		
15,019	150,957		
15,031	149,475		
15,044	153,55		
15,056	153,735		
15,069	160,033		
15,08	163,738		
15,093	164,478		
15,106	164,478		
15,119	155,588		
15,132	150,216		
15,143	158,366		
15,155	167,257		
15,168	168,368		
15,18	164,664		
15,193	163,923		
15,207	162,256		
15,219	157,44		
15,23	159,107		
15,242	164,293		
15,255	178,185		
15,265	181,704		
15,277	182,816		
15,29	177,074		
15,304	172,999		
15,317	182,816		
15,329	194,485		
15,341	189,484		
15,354	193,558		
15,366	189,854		
15,377	181,889		
15,389	188,557		
15,4	195,225		
15,412	193,373		
15,424	194,485		
15,435	208,376		
15,447	207,635		
15,46	210,414		
15,471	207,821		
15,485	204,857		
15,498	194,114		
15,51	194,114		
15,523	183,927		
15,535	183,556		
15,546	182,26		
15,557	185,779		
15,569	218,934		
15,579	219,675		
15,592	212,266		
15,605	205,968		
15,618	206,524		
15,63	206,339		
15,643	201,338		
15,656	199,486		
15,669	200,967		
15,682	194,299		
15,695	204,301		
15,708	223,194		
15,721	229,121		
15,735	213,007		
15,748	202,079		
15,759	211,155		
15,771	235,604		
15,782	237,271		
15,794	239,309		
15,806	239,309		
15,818	232,455		
15,829	221,712		
15,841	221,712		
15,855	212,266		
15,867	230,788		
15,88	238,383		
15,892	241,717		
15,903	237,456		
15,916	236,53		
15,928	253,2		
15,94	254,312		
15,95	252,645		
15,964	258,757		
15,977	266,166		
15,99	249,866		
16,003	242,087		
16,017	237,456		
16,029	233,196		
16,041	241,717		
16,055	245,977		
16,069	248,199		
16,082	249,496		
16,095	264,499		
16,108	266,907		
16,12	270,241		
16,134	269,5		
16,146	273,945		
16,159	268,759		
16,172	268,759		
16,186	243,754		
16,201	247,273		
16,213	255,794		
16,226	257,275		
16,238	251,904		
16,252	250,978		
16,264	262,276		
16,277	268,389		
16,29	270,056		
16,302	274,501		
16,315	271,538		
16,326	281,354		
16,337	284,688		
16,349	270,056		
16,361	275,612		
16,373	277,279		
16,384	272,464		
16,396	275,612		
16,41	267,463		
16,424	255,608		
16,437	235,234		
16,45	219,675		
16,462	242,272		
16,475	245,236		
16,488	233,382		
16,499	233,382		
16,514	224,861		
16,527	226,713		
16,54	232,27		
16,553	233,011		
16,564	228,936		
16,575	230,788		
16,588	229,677		
16,602	225,973		
16,613	201,523		
16,625	202,449		
16,636	205,042		
16,647	213,192		
16,658	219,119		
16,67	216,526		
16,681	192,447		
16,692	178,185		
16,703	185,223		
16,714	192,262		
16,725	199,671		
16,736	207,265		
16,747	216,341		
16,759	212,081		
16,769	216,156		
16,78	222,639		
16,791	212,081		
16,803	201,523		
16,814	198,745		
16,826	211,155		
16,839	211,155		
16,851	195,225		
16,863	201,523		
16,873	212,451		
16,884	220,231		
16,895	219,675		
16,907	215,785		
16,918	210,784		
16,929	219,119		
16,939	233,567		
16,951	242,272		
16,962	250,052		
16,973	259,128		
16,984	254,312		
16,995	241,346		
17,006	229,307		
17,017	233,196		
17,029	248,014		
17,041	256,72		
17,052	266,351		
17,062	265,055		
17,073	256,349		
17,087	247,273		
17,099	242,643		
17,111	241,531		
17,122	246,162		
17,134	253,015		
17,147	264,314		
17,159	264,314		
17,17	264,129		
17,181	265,425		
17,193	265,981		
17,204	267,092		
17,215	268,574		
17,226	259,868		
17,237	247,088		
17,248	240,42		
17,259	250,052		
17,27	264,499		
17,281	272,093		
17,292	268,389		
17,303	235,975		
17,314	216,156		
17,326	200,412		
17,337	195,966		
17,348	199,856		
17,358	196,337		
17,372	188,187		
17,384	181,519		
17,396	177,814		
17,41	185,223		
17,422	187,076		
17,435	179,852		
17,447	179,111		
17,459	186,52		
17,47	186,52		
17,482	186,52		
17,495	186,52		
17,508	199,486		
17,52	196,707		
17,532	206,339		
17,543	213,748		
17,555	212,266		
17,569	205,783		
17,581	182,63		
17,593	180,037		
17,605	178,37		
17,618	186,15		
17,631	198,93		
17,644	202,82		
17,655	212,081		
17,667	215,6		
17,678	166,331		
17,692	-25,19		
17,705	-25,931		
17,718	-28,71		
17,73	-19,078		
17,742	-15,188		
17,754	-19,078		
17,765	-32,414		
17,776	-42,787		
17,79	-46,306		
17,8	-42,787		
17,812	-38,526		
17,823	-33,34		
17,834	-31,858		
17,846	-26,672		
17,859	-19,819		
17,872	-10,928		
17,884	-7,965		
17,895	-9,632		
17,907	-20,189		
17,919	-23,338		
17,932	-21,486		
17,945	-21,671		
17,957	-15,374		
17,968	-10,002		
17,98	-14,262		
17,991	-22,227		
18,003	-17,781		
18,017	-18,708		
18,031	-10,928		
18,046	-19,263		
18,057	-31,673		
18,07	-22,042		
18,082	-17,041		
18,097	-18,337		
18,11	-8,335		
18,123	-17,967		
18,136	-21,301		
18,149	-21,301		
18,163	-11,669		
18,174	-17,411		
18,188	-17,781		
18,202	-17,781		
18,214	-23,338		
18,226	-23,338		
18,239	-21,301		
18,252	-16,485		
18,265	-20,189		
18,277	-9,261		
18,29	-9,632		
18,304	-15,744		
18,318	-1,111		
18,332	-12,595		
18,346	-20,93		
18,36	-20,745		
18,373	-27,228		
18,389	-38,156		
18,402	-45,195		
18,415	-47,417		
18,428	-34,081		
18,441	-34,081		
18,453	-30,747		
18,466	-30,377		
18,479	-36,674		
18,492	-21,301		
18,505	-5,186		
18,516	-2,593		
18,529	-8,52		
18,541	-9,076		
18,554	-5,371		
18,566	-6,853		
18,576	-9,446		
18,588	-7,038		
18,603	-6,112		
18,616	-7,409		
18,628	-7,594		
18,64	-11,113		
18,654	-15,188		
18,666	-20,745		
18,679	-24,264		
18,691	-23,709		
18,701	-22,042		
18,713	-21,671		
18,726	-16,485		
18,738	-15,744		
18,749	-21,671		
18,761	-30,006		
18,774	-32,044		
18,787	-32,414		
18,799	-37,045		
18,812	-37,045		
18,826	-26,302		
18,838	-19,078		
18,851	-17,226		
18,862	-12,41		
18,873	-17,596		
18,886	-17,226		
18,898	-8,52		
18,913	-11,854		
18,924	-17,041		
18,937	-20,004		
18,948	-21,486		
18,959	-21,486		
18,971	-15,744		
18,983	-13,336		
18,994	-10,558		
19,006	-8,52		
19,017	-17,041		
19,029	-28,895		
19,04	-32,785		
19,055	-2,593		
19,068	-10,187		
19,081	-6,298		
19,093	-3,89		
19,106	-8,891		
19,119	-12,595		
19,131	-22,968		
19,144	-22,968		
19,157	-20,745		
19,17	-15,559		
19,183	-4,26		
19,198	-9,632		
19,21	4,816		
19,223	-0,185		
19,235	-9,632		
19,246	-8,15		
19,258	-3,704		
19,27	-20,004		
19,281	-26,672		
19,292	-26,117		
19,303	-22,968		
19,314	-17,596		
19,326	-14,262		
19,34	-8,52		
19,354	-6,668		
19,366	-20,93		
19,378	-33,711		
19,39	-40,379		
19,401	-38,341		
19,413	-32,414		
19,424	-25,931		
19,437	-11,113		
19,449	-5,927		
19,46	-4,445		
19,471	-4,445		
19,482	1,297		
19,495	-3,149		
19,506	-3,149		
19,517	-5,001		
19,529	-7,038		
19,54	-7,779		
19,552	-7,224		
19,564	-10,743		
19,577	-5,742		
19,588	-2,964		
19,599	-5,371		
19,611	-12,41		
19,623	-12,04		
19,634	-14,077		
19,645	-19,078		
19,658	-29,08		
19,671	-20,375		
19,682	-30,006		
19,694	-34,266		
19,705	-22,597		
19,716	-3,519		
19,729	-6,668		
19,741	-4,816		
19,754	-9,076		
19,765	-13,521		
19,777	-3,334		
19,788	-5,557		
19,8	-17,967		
19,811	-17,967		
19,822	-6,112		
19,834	-13,521		
19,847	-16,485		
19,859	-10,743		
19,873	-13,336		
19,886	-11,669		
19,898	-22,597		
19,91	-23,894		
19,922	-29,821		
19,934	-29,265		
19,947	-30,932		
19,958	-31,858		
19,969	-25,931		
19,98	-18,893		
19,991	-9,076		
20,002	-9,817		
20,014	-1,852		
20,024	4,631		
20,035	-0,37		
20,047	-12,966		
20,057	-12,41		
20,068	-0,926		
20,079	-8,706		
20,09	-14,077		
20,101	-20,189		
20,111	-17,596		
20,122	-11,854		
20,133	-11,854		
20,143	-7,409		
20,154	-12,41		
20,166	-8,52		
20,177	-7,224		
20,188	-11,484		
20,198	-19,448		
20,209	-14,633		
20,222	-45,195		
20,235	-23,523		
20,247	-8,335		
20,258	-8,52		
20,27	-4,816		
20,28	-3,519		
20,293	-17,781		
20,303	-12,595		
20,315	-10,187		
20,326	-4,26		
20,337	-5,742		
20,349	-18,893		
20,36	-23,153		
20,37	-29,08		
20,381	-29,451		
20,392	-38,897		
20,404	-38,341		
20,415	-24,82		
20,425	-22,968		
20,436	-19,819		
20,448	-18,708		
20,46	-18,708		
20,474	-10,373		
20,486	-2,223		
20,498	-10,187		
20,51	-11,669		
20,521	-0,37		
20,534	-8,52		
20,547	-13,707		
20,561	-14,447		
20,573	-5,742		
20,584	-6,483		
20,596	-12,225		
20,607	-15,559		
20,617	-21,301		
20,631	-26,672		
20,642	-30,377		
20,654	-33,711		
20,668	-13,521		
20,68	-3,519		
20,694	-19,078		
20,706	-35,933		
20,719	-36,859		
20,73	-41,49		
20,741	-40,008		
20,753	-27,228		
20,766	-15,374		
20,779	-12,78		
20,793	-12,78		
20,806	-10,743		
20,82	-11,854		
20,832	-11,484		
20,846	-11,669		
20,858	-20,56		
20,87	-28,154		
20,882	-39,453		
20,895	-37,415		
20,907	-32,599		
20,919	-20,93		
20,931	-18,522		
20,942	-9,817		
20,955	-18,893		
20,966	-29,636		
20,979	-38,897		
20,991	-37,045		
21,003	-26,857		
21,014	-15,559		
21,026	-15,559		
21,04	-20,375		
21,051	-27,228		
21,062	-38,156		
21,073	-45,935		
21,086	-44,639		
21,098	-30,747		
21,109	-20,189		
21,12	-20,189		
21,131	-19,263		
21,142	-16,114		
21,154	-24,264		
21,165	-20,189		
21,177	-17,041		
21,187	-16,3		
21,2	-17,596		
21,212	-3,149		
21,225	-10,187		
21,238	-20,56		
21,251	-7,779		
21,264	-14,262		
21,276	-22,782		
21,288	-37,786		
21,299	-33,155		
21,311	-33,34		
21,323	-28,895		
21,334	-29,265		
21,346	-33,34		
21,358	-33,34		
21,369	-35,007		
21,38	-19,819		
21,393	-12,04		
21,406	-6,853		
21,419	-7,779		
21,432	-8,335		
21,445	-10,373		
21,456	-10,373		
21,467	-12,966		
21,48	-5,742		
21,492	-10,187		
21,506	-15,374		
21,52	-20,93		
21,532	-16,67		
21,544	-21,115		
21,558	-15,374		
21,57	-24,264		
21,584	-21,301		
21,597	0,185		
21,612	-5,371		
21,625	-8,891		
21,637	-16,114		
21,648	-18,152		
21,663	-30,006		
21,675	-34,822		
21,688	-28,524		
21,701	-26,117		
21,715	-27,043		
21,73	-8,15		
21,744	-4,631		
21,756	-10,743		
21,771	-8,15		
21,785	-8,15		
21,799	-10,002		
21,811	-25,376		
21,824	-28,524		
21,836	-31,858		
21,848	-30,747		
21,86	-22,968		
21,873	-25,746		
21,886	-35,007		
21,899	-47,047		
21,912	-45,009		
21,924	-40,008		
21,936	-39,638		
21,947	-39,267		
21,958	-37,045		
21,971	-44,083		
21,982	-35,933		
21,993	-19,634		
22,005	-18,152		
22,017	-26,487		
22,028	-17,781		
22,041	-18,708		
22,052	-12,595		
22,064	-17,411		
22,078	-22,782		
22,092	-34,637		
22,105	-43,898		
22,118	-45,935		
22,131	-39,082		
22,143	-35,748		
22,155	-46,306		
22,166	-42,231		
22,177	-24,449		
22,188	-20,93		
22,2	-23,894		
22,212	-20,93		
22,223	-20,93		
22,235	-17,226		
22,245	-20,004		
22,256	-16,114		
22,27	-9,632		
22,281	-26,117		
22,293	-11,854		
22,304	-16,67		
22,316	-14,633		
22,329	-15,374		
22,342	-28,154		
22,355	-33,896		
22,367	-18,522		
22,379	-20,375		
22,39	-24,82		
22,402	-25,19		
22,413	-20,56		
22,424	-23,709		
22,435	-33,34		
22,447	-32,229		
22,458	-35,192		
22,469	-28,895		
22,48	-19,634		
22,491	-10,558		
22,503	-10,928		
22,513	-14,262		
22,524	-10,002		
22,535	-12,41		
22,547	-14,077		
22,558	-33,711		
22,57	-27,598		
22,582	-19,078		
22,593	-17,041		
22,605	-20,745		
22,617	-20,745		
22,631	-25,19		
22,642	-36,674		
22,654	-34,081		
22,664	-31,118		
22,677	-33,155		
22,689	-30,377		
22,702	-30,191		
22,715	-12,225		
22,729	-11,484		
22,742	-30,562		
22,756	-32,414		
22,769	-32,414		
22,782	-40,564		
22,795	-23,338		
22,808	-14,447		
22,82	-20,375		
22,831	-11,669		
22,842	-9,076		
22,853	-16,855		
22,864	-20,745		
22,878	-17,781		
22,89	-10,002		
22,902	-10,558		
22,914	-10,187		
22,925	-7,594		
22,937	-5,557		
22,948	-15,559		
22,962	-17,967		
22,974	-7,965		
22,987	-10,187		
23	-12,966		
23,013	-27,228		
23,024	-34,637		
23,035	-43,713		
23,048	-39,082		
23,061	-35,563		
23,074	-34,266		
23,085	-36,489		
23,096	-34,266		
23,108	-34,266		
23,12	-28,524		
23,134	-38,341		
23,146	-34,822		
23,159	-30,932		
23,171	-27,228		
23,182	-20,56		
23,193	-16,67		
23,204	-16,67		
23,217	-10,373		
23,233	-18,893		
23,246	-12,595		
23,259	-33,155		
23,273	-32,97		
23,285	-40,564		
23,299	-37,971		
23,311	-36,859		
23,324	-21,301		
23,335	-9,817		
23,346	-17,226		
23,358	-14,447		
23,371	-9,632		
23,384	-15,744		
23,398	-18,152		
23,413	-23,338		
23,425	-19,448		
23,436	-19,448		
23,448	-22,968		
23,463	-15,188		
23,477	-11,113		
23,488	-21,486		
23,5	-34,822		
23,511	-36,674		
23,523	-44,083		
23,534	-45,75		
23,546	-40,564		
23,558	-28,71		
23,57	-21,115		
23,582	-15,744		
23,595	-9,076		
23,608	-11,299		
23,621	-18,708		
23,634	-14,633		
23,646	-20,189		
23,658	-19,634		
23,669	-15,003		
23,681	-10,928		
23,694	-7,224		
23,705	-10,187		
23,718	-23,153		
23,731	-25,561		
23,743	-37,6		
23,758	-42,231		
23,769	-46,121		
23,78	-41,12		
23,791	-39,453		
23,802	-36,119		
23,814	-23,894		
23,826	-21,856		
23,837	-24,635		
23,851	-28,71		
23,864	-21,301		
23,875	-17,781		
23,89	-17,041		
23,903	-14,262		
23,915	-17,596		
23,93	-14,818		
23,943	-20,745		
23,956	-9,261		
23,968	-8,15		
23,98	-9,076		
23,993	-1,297		
24,006	-20,189		
24,021	-36,119		
24,034	-37,786		
24,045	-30,932		
24,057	-27,969		
24,07	-26,302		
24,083	-16,485		
24,095	-16,485		
24,106	-11,484		
24,117	-10,373		
24,13	-3,519		
24,142	-11,669		
24,154	-12,595		
24,166	-19,448		
24,179	-29,636		
24,192	-18,522		
24,209	-17,411		
24,221	-8,52		
24,234	-5,742		
24,245	-13,151		
24,259	-20,93		
24,273	-20,004		
24,287	-20,375		
24,299	-26,857		
24,312	-27,784		
24,326	-30,747		
24,338	-30,932		
24,351	-26,302		
24,363	-14,262		
24,376	-12,04		
24,389	-13,336		
24,401	-13,892		
24,415	-21,856		
24,428	-21,856		
24,441	-20,189		
24,453	-20,189		
24,465	-33,525		
24,48	-47,417		
24,491	-45,195		
24,503	-43,528		
24,515	-37,971		
24,526	-16,485		
24,538	-29,08		
24,549	-22,597		
24,561	-15,188		
24,572	-12,595		
24,583	-20,56		
24,594	-35,933		
24,605	-37,045		
24,616	-32,97		
24,628	-40,564		
24,638	-44,083		
24,649	-26,672		
24,66	-28,154		
24,671	-24,82		
24,682	-23,153		
24,693	-19,078		
24,703	-13,151		
24,715	-13,336		
24,727	-9,076		
24,74	-10,373		
24,753	-26,487		
24,764	-19,078		
24,776	-16,114		
24,788	-17,596		
24,799	-18,708		
24,81	-17,596		
24,821	-13,151		
24,832	-19,634		
24,843	-26,302		
24,855	-27,043		
24,866	-28,339		
24,878	-19,448		
24,89	-18,337		
24,902	-23,338		
24,915	-31,858		
24,926	-28,71		
24,937	-28,154		
24,948	-22,782		
24,959	-36,304		
24,97	-33,896		
24,981	-20,189		
24,992	-24,82		
25,003	-26,117		
25,015	-20,004		
25,027	-20,745		
25,04	-14,447		
25,05	-10,373		
25,061	-13,521		
25,073	-28,71		
25,083	-28,71		
25,096	-32,229		
25,108	-23,523		
25,12	-15,929		
25,131	-24,264		
25,142	-21,301		
25,152	-15,188		
25,164	-18,708		
25,174	-33,34		
25,186	-26,672		
25,198	-34,266		
25,21	-39,453		
25,223	-37,6		
25,234	-38,712		
25,245	-30,747		
25,256	-21,856		
25,267	-21,115		
25,278	-15,003		
25,289	-14,818		
25,3	-30,191		
25,311	-39,453		
25,323	-40,749		
25,337	-22,968		
25,349	-14,633		
25,362	-5,371		
25,374	-14,262		
25,386	-16,855		
25,398	-17,967		
25,41	-26,672		
25,422	-20,375		
25,434	-20,745		
25,447	-15,374		
25,46	-11,669		
25,472	-6,298		
25,484	-17,596		
