Posição (mm) - Plot 0	Força (N) - Plot 0	Posição (mm) - Plot 1	Força (N) - Plot 1
0	12,41		
0	14,818		
0,006	1,482		
0,024	-8,52		
0,043	-8,335		
0,053	-6,483		
0,066	-4,631		
0,078	-16,114		
0,095	-20,004		
0,112	-18,152		
0,122	-11,669		
0,133	5,927		
0,143	15,559		
0,156	5,557		
0,169	-1,111		
0,181	0,185		
0,193	0,185		
0,203	-6,483		
0,215	9,817		
0,226	16,67		
0,243	17,411		
0,256	27,228		
0,269	32,044		
0,288	25,746		
0,299	28,154		
0,309	30,006		
0,322	22,412		
0,336	1,852		
0,346	-8,706		
0,36	-4,075		
0,372	2,778		
0,383	4,445		
0,394	3,704		
0,405	10,187		
0,416	32,229		
0,428	31,488		
0,44	38,897		
0,452	30,377		
0,464	39,082		
0,474	34,452		
0,485	22,968		
0,496	28,524		
0,507	29,265		
0,521	37,786		
0,532	31,303		
0,543	20,189		
0,553	16,485		
0,566	17,596		
0,578	23,894		
0,591	15,559		
0,603	15,188		
0,616	27,228		
0,626	26,487		
0,638	31,858		
0,65	43,528		
0,668	33,711		
0,678	33,711		
0,688	30,191		
0,698	45,935		
0,71	52,789		
0,727	55,011		
0,738	52,233		
0,748	46,306		
0,757	49,64		
0,77	44,639		
0,782	45,75		
0,793	48,714		
0,804	39,638		
0,816	36,859		
0,827	35,563		
0,838	32,414		
0,848	25,746		
0,859	38,526		
0,872	34,452		
0,884	34,081		
0,898	45,565		
0,914	55,752		
0,928	51,492		
0,941	63,902		
0,954	68,162		
0,973	72,052		
0,985	75,756		
0,996	70,385		
1,006	70,385		
1,018	74,275		
1,028	72,608		
1,038	75,756		
1,05	77,423		
1,061	74,46		
1,075	66,125		
1,085	69,644		
1,097	71,496		
1,108	63,717		
1,121	69,829		
1,132	72,052		
1,143	71,496		
1,153	69,459		
1,163	69,829		
1,174	65,754		
1,185	65,384		
1,194	64,273		
1,204	67,792		
1,216	69,829		
1,227	76,682		
1,238	75,942		
1,248	67,051		
1,259	80,202		
1,272	81,684		
1,282	80,572		
1,292	87,611		
1,304	94,279		
1,323	103,169		
1,333	103,169		
1,343	97,057		
1,353	87,425		
1,365	90,759		
1,377	96,872		
1,387	105,577		
1,401	96,687		
1,413	92,612		
1,423	86,499		
1,433	80,943		
1,446	70,385		
1,457	69,459		
1,47	79,831		
1,483	83,906		
1,496	91,5		
1,506	92,426		
1,518	94,834		
1,529	107,985		
1,54	107,244		
1,55	103,355		
1,562	115,95		
1,573	122,803		
1,585	114,653		
1,597	94,093		
1,607	82,424		
1,62	94,279		
1,631	109,282		
1,643	127,804		
1,655	122,247		
1,665	122,247		
1,677	115,579		
1,687	109,097		
1,699	104,096		
1,71	97,798		
1,721	100,576		
1,734	101,873		
1,748	111,319		
1,762	110,764		
1,776	112,801		
1,79	117,802		
1,8	120,766		
1,812	112,245		
1,827	120,58		
1,837	117,802		
1,851	123,174		
1,864	120,025		
1,877	127,063		
1,887	134,657		
1,9	128,916		
1,911	131,509		
1,923	128,916		
1,933	133,731		
1,944	135,954		
1,956	134,102		
1,968	146,141		
1,981	140,214		
1,994	140,214		
2,006	138,918		
2,018	125,211		
2,028	134,287		
2,039	139,473		
2,053	142,622		
2,066	145,771		
2,079	146,327		
2,092	145,956		
2,104	141,511		
2,115	139,658		
2,127	145,215		
2,138	157,996		
2,15	157,44		
2,162	153,18		
2,172	155,032		
2,184	153,365		
2,196	149,661		
2,208	145,956		
2,221	156,699		
2,232	160,589		
2,244	161,885		
2,254	158,736		
2,264	153,365		
2,275	156,884		
2,285	164,108		
2,296	164,293		
2,308	162,997		
2,319	162,997		
2,329	159,107		
2,342	155,032		
2,356	156,699		
2,369	150,957		
2,381	156,514		
2,392	156,143		
2,402	155,032		
2,415	146,327		
2,426	147,253		
2,437	161,7		
2,447	164,849		
2,458	163,552		
2,469	162,626		
2,481	156,884		
2,491	159,848		
2,504	149,475		
2,515	155,958		
2,526	173,369		
2,539	175,036		
2,55	177,814		
2,562	186,335		
2,575	185,223		
2,586	183,001		
2,596	187,076		
2,608	187,817		
2,623	188,002		
2,635	188,557		
2,647	188,557		
2,66	182,816		
2,672	172,999		
2,683	162,626		
2,695	178,185		
2,706	182,816		
2,717	175,407		
2,729	177,814		
2,74	185,594		
2,752	194,485		
2,765	196,152		
2,776	193,929		
2,787	204,301		
2,8	216,156		
2,82	204,116		
2,83	200,041		
2,842	198,374		
2,854	196,152		
2,865	195,225		
2,878	196,892		
2,89	194,299		
2,904	195,966		
2,915	202,634		
2,926	203,005		
2,937	195,04		
2,949	196,892		
2,96	196,152		
2,973	200,041		
2,986	220,416		
2,999	225,417		
3,01	225,787		
3,022	226,343		
3,034	224,676		
3,045	226,713		
3,055	229,492		
3,066	233,011		
3,076	218,749		
3,086	210,969		
3,096	225,046		
3,107	221,712		
3,118	228,751		
3,13	248,385		
3,143	253,2		
3,154	258,572		
3,164	250,052		
3,175	245,421		
3,186	246,347		
3,196	247,088		
3,207	240,605		
3,22	238,197		
3,232	243,754		
3,247	255,238		
3,26	257,09		
3,272	247,829		
3,283	244,68		
3,293	244,495		
3,306	244,495		
3,317	234,863		
3,329	228,38		
3,34	234,678		
3,352	235,234		
3,365	237,827		
3,377	249,311		
3,389	243,939		
3,402	225,973		
3,415	223,194		
3,426	211,71		
3,437	209,488		
3,447	205,413		
3,459	203,375		
3,47	196,892		
3,483	189,298		
3,495	177,444		
3,508	172,443		
3,52	172,073		
3,531	160,589		
3,542	146,882		
3,554	140,585		
3,567	145,956		
3,58	150,401		
3,593	151,328		
3,606	152,068		
3,619	139,658		
3,632	139,658		
3,646	128,36		
3,656	124,1		
3,668	125,396		
3,68	141,696		
3,691	144,659		
3,704	146,327		
3,715	140,585		
3,725	137,621		
3,736	142,437		
3,747	151,142		
3,76	159,292		
3,772	167,257		
3,783	173,925		
3,793	178		
3,804	177,814		
3,817	170,22		
3,827	165,775		
3,837	172,073		
3,85	171,332		
3,862	176,888		
3,875	185,038		
3,886	187,076		
3,897	176,518		
3,91	186,52		
3,921	198,374		
3,933	198,56		
3,945	196,152		
3,957	196,152		
3,967	197,448		
3,98	200,041		
3,991	195,411		
4,002	188,372		
4,016	188,743		
4,029	196,892		
4,043	198,93		
4,054	201,894		
4,067	213,007		
4,079	213,192		
4,089	217,082		
4,102	212,822		
4,114	217,823		
4,128	210,784		
4,141	232,27		
4,152	224,861		
4,163	217,267		
4,175	210,043		
4,185	216,711		
4,197	216,526		
4,208	217,823		
4,219	215,044		
4,231	225,787		
4,242	229,677		
4,256	231,714		
4,27	223,935		
4,284	235,604		
4,297	243,939		
4,309	242,643		
4,321	240,42		
4,332	242,457		
4,343	242,457		
4,354	228,936		
4,365	245,236		
4,376	249,125		
4,387	245,236		
4,399	226,899		
4,41	187,446		
4,422	172,073		
4,434	174,11		
4,446	171,146		
4,457	183,742		
4,469	181,149		
4,48	174,666		
4,49	181,889		
4,503	194,485		
4,516	187,261		
4,527	175,962		
4,538	174,48		
4,55	165,219		
4,561	179,667		
4,573	172,999		
4,584	172,813		
4,595	151,698		
4,606	36,489		
4,617	36,489		
4,629	-28,339		
4,641	-33,525		
4,652	-26,117		
4,666	-22,782		
4,681	-24,264		
4,694	-27,413		
4,707	-24,635		
4,718	-22,968		
4,729	-18,337		
4,743	-23,338		
4,756	-20,745		
4,771	-25,19		
4,784	-24,82		
4,798	-12,966		
4,811	-7,779		
4,824	-15,003		
4,837	-18,522		
4,849	7,965		
4,861	1,297		
4,871	-1,111		
4,883	-3,519		
4,896	-12,225		
4,907	-24,449		
4,918	-10,558		
4,929	-1,297		
4,942	-1,297		
4,952	6,853		
4,965	3,89		
4,978	8,706		
4,989	2,223		
5	10,558		
5,013	10,558		
5,026	9,632		
5,04	8,891		
5,054	8,891		
5,066	0,37		
5,08	-5,557		
5,093	-4,075		
5,104	3,704		
5,114	6,298		
5,126	1,297		
5,137	5,557		
5,149	1,667		
5,162	-1,297		
5,175	4,26		
5,186	-11,113		
5,198	-10,373		
5,21	0,185		
5,221	17,411		
5,233	17,411		
5,244	12,78		
5,255	13,521		
5,268	2,593		
5,279	-1,111		
5,29	-10,558		
5,303	-0,926		
5,314	4,631		
5,325	12,41		
5,338	-8,706		
5,353	-14,077		
5,365	-6,112		
5,378	-4,816		
5,39	2,223		
5,402	11,484		
5,415	17,411		
5,428	24,449		
5,439	25,931		
5,45	19,078		
5,463	20,93		
5,475	20,375		
5,488	19,448		
5,5	20,189		
5,511	10,187		
5,524	12,78		
5,535	14,262		
5,545	10,187		
5,556	10,187		
5,566	10,558		
5,577	27,043		
5,588	26,117		
5,6	26,117		
5,611	28,154		
5,622	19,448		
5,633	14,633		
5,644	18,893		
5,655	9,446		
5,667	26,857		
5,678	29,451		
5,689	27,043		
5,702	27,969		
5,714	22,412		
5,727	21,301		
5,739	26,672		
5,752	27,228		
5,764	31,488		
5,777	36,119		
5,788	38,897		
5,801	30,377		
5,814	38,712		
5,827	46,676		
5,839	43,342		
5,851	39,638		
5,862	38,156		
5,872	32,97		
5,883	42,046		
5,895	40,008		
5,906	43,713		
5,917	34,822		
5,928	34,822		
5,941	44,639		
5,952	42,972		
5,966	42,972		
5,979	35,378		
5,992	34,637		
6,005	52,418		
6,019	54,456		
6,029	46,676		
6,042	44,639		
6,053	42,787		
6,064	43,713		
6,077	26,857		
6,09	25,376		
6,103	27,228		
6,114	21,486		
6,125	27,228		
6,136	34,637		
6,149	29,451		
6,162	40,193		
6,173	58,345		
6,186	57,975		
6,197	56,678		
6,207	53,715		
6,218	48,529		
6,229	37,23		
6,24	26,672		
6,252	26,672		
6,263	32,044		
6,274	34,637		
6,285	41,675		
6,296	47,788		
6,307	55,937		
6,318	64,087		
6,33	62,42		
6,34	61,679		
6,351	67,977		
6,362	70,57		
6,374	66,866		
6,385	57,419		
6,396	60,939		
6,407	57,419		
6,419	55,011		
6,431	58,345		
6,442	63,346		
6,453	62,606		
6,464	57,79		
6,474	57,975		
6,487	59,642		
6,5	61,679		
6,511	73,348		
6,525	71,681		
6,538	59,827		
6,551	65,754		
6,564	77,053		
6,577	82,795		
6,591	83,536		
6,604	85,203		
6,616	90,204		
6,628	78,35		
6,64	61,124		
6,654	70,755		
6,666	76,312		
6,678	85,018		
6,691	83,536		
6,705	74,275		
6,717	90,945		
6,729	91,315		
6,741	85,944		
6,753	78,72		
6,765	81,313		
6,777	70,57		
6,788	58,16		
6,8	64,087		
6,812	76,127		
6,823	78,905		
6,835	79,646		
6,846	86,87		
6,857	88,166		
6,87	86,129		
6,884	86,87		
6,896	83,721		
6,91	83,721		
6,922	75,386		
6,934	82,61		
6,947	91,13		
6,96	88,907		
6,973	81,684		
6,987	72,978		
7,001	77,053		
7,014	78,35		
7,025	75,386		
7,036	82,61		
7,048	89,092		
7,059	90,574		
7,073	76,868		
7,085	79,276		
7,096	91,315		
7,107	99,65		
7,119	96,872		
7,13	92,056		
7,142	91,871		
7,153	86,87		
7,165	88,722		
7,179	91,315		
7,191	89,833		
7,202	88,166		
7,214	85,203		
7,226	91,686		
7,237	91,686		
7,248	93,908		
7,261	95,761		
7,274	97,242		
7,287	103,169		
7,3	105,022		
7,311	100,576		
7,322	106,503		
7,333	108,911		
7,345	105,763		
7,359	105,022		
7,372	103,54		
7,385	103,91		
7,399	105,763		
7,412	105,577		
7,425	105,948		
7,438	110,023		
7,451	114,283		
7,465	107,615		
7,478	100,021		
7,49	107,985		
7,503	107,059		
7,516	109,467		
7,527	114,098		
7,54	117,246		
7,553	118,913		
7,566	118,913		
7,579	118,358		
7,591	114,098		
7,603	121,877		
7,614	110,208		
7,627	104,466		
7,64	103,355		
7,652	111,504		
7,664	115,209		
7,676	120,766		
7,689	125,767		
7,7	131,138		
7,712	128,36		
7,723	118,543		
7,735	112,801		
7,747	142,252		
7,761	138,732		
7,773	139,288		
7,785	140,214		
7,795	139,473		
7,809	130,027		
7,822	121,692		
7,833	118,728		
7,847	118,543		
7,861	134,102		
7,872	133,361		
7,885	135,028		
7,896	135,028		
7,907	124,285		
7,92	143,733		
7,933	145,771		
7,946	147,253		
7,96	136,88		
7,971	142,992		
7,985	153,735		
7,998	152,995		
8,011	165,775		
8,025	156,699		
8,036	137,065		
8,048	123,544		
8,059	136,324		
8,07	149,661		
8,082	160,959		
8,095	161,7		
8,107	153,921		
8,118	150,772		
8,13	147,623		
8,143	150,031		
8,155	155,958		
8,168	150,401		
8,179	150,772		
8,191	161,7		
8,201	167,812		
8,213	161,7		
8,225	161,7		
8,236	158,366		
8,248	151,698		
8,26	152,439		
8,273	158,366		
8,284	161,885		
8,296	150,401		
8,307	151,698		
8,32	159,663		
8,332	127,619		
8,345	136,51		
8,356	130,397		
8,37	131,509		
8,382	130,212		
8,395	130,027		
8,407	143,178		
8,418	146,697		
8,43	144,659		
8,441	147,623		
8,454	150,401		
8,464	145,03		
8,476	144,845		
8,487	144,104		
8,498	140,399		
8,511	140,77		
8,524	135,028		
8,536	117,061		
8,546	117,061		
8,557	104,466		
8,569	101,688		
8,581	101,688		
8,594	100,947		
8,606	97,983		
8,618	99,28		
8,63	116,876		
8,642	112,616		
8,653	113,912		
8,665	126,693		
8,678	126,322		
8,691	110,208		
8,702	99,465		
8,713	99,095		
8,725	107,8		
8,736	105,392		
8,748	91,5		
8,759	81,869		
8,771	85,944		
8,784	80,387		
8,794	78,164		
8,806	101,873		
8,818	97,798		
8,829	88,166		
8,841	83,536		
8,852	82,61		
8,866	84,462		
8,88	95,946		
8,893	95,946		
8,905	111,504		
8,918	115,394		
8,931	119,84		
8,944	110,764		
8,957	125,767		
8,97	124,841		
8,981	119,099		
8,992	109,282		
9,004	107,615		
9,017	107,244		
9,027	96,131		
9,038	103,355		
9,05	107,985		
9,062	112,616		
9,073	127,619		
9,086	137,436		
9,098	140,399		
9,111	135,028		
9,122	140,399		
9,135	136,51		
9,146	145,956		
9,158	143,733		
9,168	138,362		
9,181	136,324		
9,193	133,731		
9,204	131,509		
9,215	131,509		
9,226	129,101		
9,239	124,285		
9,253	125,581		
9,267	125,396		
9,28	126,693		
9,293	122,062		
9,306	124,285		
9,319	126,693		
9,331	130,768		
9,344	135,398		
9,357	141,14		
9,369	152,068		
9,382	165,775		
9,395	174,48		
9,409	172,443		
9,422	174,295		
9,434	174,295		
9,447	185,779		
9,46	190,78		
9,473	188,372		
9,486	178,741		
9,501	179,667		
9,514	178,185		
9,525	164,478		
9,539	154,106		
9,552	165,405		
9,564	177,444		
9,577	172,258		
9,59	169,85		
9,604	159,107		
9,617	159,292		
9,632	161,885		
9,644	165,96		
9,656	162,441		
9,668	154,662		
9,684	147,623		
9,698	112,245		
9,71	39,823		
9,723	19,634		
9,736	25,931		
9,748	33,711		
9,759	32,229		
9,771	18,337		
9,784	7,224		
9,797	16,3		
9,809	22,412		
9,821	30,562		
9,832	32,785		
9,844	34,452		
9,857	35,007		
9,869	31,488		
9,88	32,044		
9,893	34,452		
9,905	38,897		
9,918	40,008		
9,929	33,155		
9,94	17,411		
9,953	7,594		
9,966	8,706		
9,976	12,225		
9,988	13,707		
9,999	13,892		
10,011	29,451		
10,025	38,341		
10,036	48,899		
10,049	51,677		
10,062	41,49		
10,075	45,75		
10,088	40,379		
10,101	41,49		
10,114	45,38		
10,125	38,897		
10,136	31,673		
10,149	33,155		
10,162	27,043		
10,174	29,265		
10,185	15,188		
10,197	15,188		
10,208	17,596		
10,22	16,114		
10,232	16,3		
10,243	20,93		
10,256	36,119		
10,269	33,711		
10,283	25,005		
10,296	22,968		
10,308	32,414		
10,32	35,933		
10,331	40,749		
10,341	37,23		
10,352	34,822		
10,363	24,079		
10,376	27,598		
10,389	45,38		
10,4	46,862		
10,412	55,752		
10,425	55,752		
10,438	54,826		
10,451	41,49		
10,464	39,453		
10,477	44,454		
10,49	47,232		
10,503	46,306		
10,516	47,602		
10,529	47,602		
10,54	55,011		
10,551	50,196		
10,563	8,335		
10,574	-27,413		
10,585	-30,562		
10,596	-38,897		
10,608	-38,712		
10,622	-24,449		
10,633	-20,189		
10,646	-27,598		
10,658	-33,155		
10,669	-37,6		
10,68	-40,934		
10,694	-47,047		
10,706	-47,417		
10,717	-41,49		
10,729	-40,934		
10,74	-33,525		
10,752	-19,634		
10,764	-20,004		
10,775	-29,08		
10,786	-23,153		
10,798	-10,002		
10,809	-19,448		
10,82	-33,155		
10,831	-41,12		
10,842	-17,967		
10,854	-17,967		
10,867	-31,488		
10,879	-30,747		
10,889	-33,155		
10,9	-37,971		
10,911	-33,34		
10,922	-32,785		
10,934	-35,378		
10,944	-51,677		
10,957	-51,307		
10,97	-39,453		
10,982	-28,71		
10,995	-22,782		
11,008	-29,08		
11,022	-32,785		
11,034	-33,155		
11,046	-12,966		
11,057	-15,929		
11,069	-16,114		
11,082	-17,226		
11,095	-29,451		
11,107	-23,153		
11,119	-43,898		
11,13	-47,232		
11,145	-47,973		
11,158	-43,713		
11,169	-43,713		
11,181	-45,009		
11,194	-51,677		
11,207	-54,641		
11,218	-51,492		
11,229	-35,378		
11,241	-23,153		
11,252	-24,635		
11,264	-24,82		
11,275	-27,598		
11,287	-21,856		
11,298	-13,892		
11,311	-25,561		
11,322	-33,525		
11,334	-30,006		
11,345	-20,93		
11,357	-24,635		
11,37	-33,711		
11,383	-37,786		
11,394	-43,157		
11,406	-35,933		
11,418	-31,303		
11,431	-28,339		
11,444	-32,97		
11,457	-34,081		
11,47	-45,935		
11,482	-41,675		
11,495	-39,082		
11,506	-35,748		
11,518	-35,748		
11,53	-44,268		
11,54	-53,53		
11,552	-51,492		
11,564	-46,676		
11,578	-29,451		
11,591	-21,671		
11,604	-20,56		
11,617	-22,412		
11,629	-25,931		
11,64	-35,748		
11,652	-46,676		
11,663	-39,638		
11,675	-46,862		
11,688	-40,934		
11,703	-51,863		
11,714	-48,158		
11,726	-46,121		
11,739	-30,562		
11,751	-27,969		
11,762	-33,525		
11,775	-50,751		
11,789	-38,712		
11,8	-43,342		
11,812	-25,746		
11,825	-33,34		
11,836	-38,897		
11,848	-35,378		
11,86	-39,267		
11,873	-44,454		
11,886	-46,491		
11,9	-34,452		
11,913	-32,229		
11,926	-33,711		
11,939	-39,638		
11,952	-27,969		
11,964	-26,117		
11,977	-24,449		
11,99	-20,004		
12,003	-14,447		
12,015	-27,228		
12,026	-46,676		
12,037	-48,899		
12,05	-49,084		
12,062	-32,785		
12,075	-22,597		
12,088	-27,598		
12,099	-30,932		
12,11	-33,155		
12,121	-28,524		
12,134	-31,673		
12,148	-22,597		
12,161	-12,41		
12,173	-12,41		
12,184	-23,709		
12,196	-23,894		
12,207	-30,377		
12,219	-42,046		
12,23	-42,972		
12,242	-42,787		
12,253	-39,082		
12,265	-33,34		
12,277	-33,155		
12,291	-39,453		
12,304	-29,265		
12,316	-26,302		
12,329	-22,782		
12,342	-19,263		
12,355	-23,894		
12,368	-34,637		
12,379	-26,672		
12,39	-26,117		
12,402	-25,19		
12,412	-12,595		
12,424	-19,448		
12,436	-35,563		
12,448	-36,304		
12,46	-37,045		
12,472	-32,785		
12,484	-36,674		
12,498	-36,674		
12,51	-40,564		
12,522	-49,64		
12,534	-54,826		
12,544	-52,789		
12,556	-50,936		
12,566	-40,008		
12,578	-25,746		
12,589	-17,411		
12,6	-12,966		
12,611	-20,189		
12,621	-28,71		
12,633	-18,893		
12,645	-16,855		
12,655	-18,522		
12,666	-17,411		
12,678	-29,265		
12,691	-29,821		
12,704	-41,305		
12,716	-40,008		
12,726	-27,598		
12,738	-44,083		
12,75	-45,75		
12,762	-44,268		
12,775	-33,34		
12,789	-23,523		
12,8	-21,486		
12,812	-11,113		
12,822	-11,113		
12,834	-15,744		
12,845	-16,485		
12,857	-21,301		
12,867	-25,19		
12,879	-28,154		
12,889	-31,303		
12,901	-20,93		
12,912	-16,3		
12,924	-23,523		
12,934	-25,005		
12,945	-40,379		
12,957	-55,937		
12,968	-52,974		
12,979	-51,863		
12,991	-46,491		
13,002	-34,266		
13,015	-28,895		
13,028	-21,856		
13,04	-22,227		
13,052	-13,521		
13,063	-5,557		
13,075	-10,928		
13,087	-28,895		
13,101	-36,859		
13,114	-43,713		
13,125	-36,119		
13,136	-22,227		
13,148	-18,337		
13,159	-21,301		
13,17	-20,93		
13,181	-20,56		
13,194	-31,858		
13,207	-44,639		
13,219	-45,195		
13,23	-40,379		
13,242	-34,822		
13,253	-27,969		
13,264	-25,931		
13,275	-23,523		
13,287	-16,67		
13,299	-22,412		
13,309	-18,522		
13,322	-10,187		
13,335	-25,005		
13,348	-39,453		
13,363	-46,862		
13,374	-42,787		
13,387	-43,342		
13,402	-40,193		
13,416	-25,746		
13,43	-22,227		
13,443	-31,488		
13,456	-44,268		
13,469	-43,528		
13,48	-43,528		
13,492	-44,639		
13,503	-39,638		
13,516	-22,782		
13,53	-16,3		
13,541	-36,304		
13,551	-49,084		
13,562	-45,195		
13,572	-39,638		
13,585	-39,082		
13,597	-27,969		
13,607	-22,968		
13,619	-25,19		
13,63	-28,895		
13,643	-36,674		
13,655	-29,821		
13,667	-30,932		
13,678	-26,117		
13,691	-18,152		
13,704	-22,227		
13,716	-34,452		
13,727	-49,825		
13,739	-47,232		
13,749	-41,86		
13,764	-43,898		
13,777	-34,266		
13,789	-20,004		
13,8	-18,152		
13,813	-32,229		
13,825	-35,192		
13,835	-26,302		
13,848	-26,672		
13,86	-19,448		
13,871	-27,413		
13,883	-41,12		
13,894	-44,454		
13,905	-41,12		
13,916	-32,97		
13,927	-30,747		
13,938	-36,489		
13,949	-32,97		
13,961	-27,228		
13,975	-24,82		
13,988	-26,302		
14,001	-22,412		
14,014	-13,151		
14,025	-14,818		
14,037	-28,154		
14,049	-31,673		
14,059	-21,301		
14,071	-32,599		
14,082	-45,38		
14,095	-51,122		
14,107	-28,339		
14,118	-26,487		
14,13	-34,081		
14,142	-32,414		
14,153	-29,08		
14,165	-27,784		
14,178	-22,782		
14,193	-19,819		
14,204	-21,856		
14,216	-27,784		
14,229	-25,19		
14,243	-27,784		
14,255	-33,34		
14,27	-37,6		
14,283	-40,749		
14,296	-33,896		
14,307	-24,449		
14,323	-31,488		
14,337	-38,897		
14,351	-31,673		
14,364	-33,711		
14,377	-34,452		
14,39	-31,673		
14,403	-33,896		
14,416	-44,639		
14,43	-45,38		
14,442	-35,007		
14,454	-35,192		
14,464	-32,599		
14,476	-32,599		
14,488	-31,673		
14,498	-36,859		
14,511	-40,749		
14,521	-45,75		
14,534	-35,378		
14,547	-20,56		
14,56	-3,89		
14,573	-11,113		
14,586	-15,374		
14,599	-20,93		
14,611	-17,411		
14,622	-8,15		
14,634	-12,595		
14,647	-15,003		
14,661	-22,412		
14,674	-23,338		
14,687	-29,265		
14,7	-34,822		
14,711	-27,784		
14,723	-24,635		
14,733	-21,856		
14,745	-25,931		
14,757	-27,413		
14,771	-25,931		
14,784	-19,263		
14,798	-26,487		
14,812	-38,156		
14,825	-39,267		
14,837	-38,526		
14,849	-25,746		
14,861	-22,782		
14,872	-7,038		
14,883	-7,409		
14,894	-1,111		
14,907	-12,225		
14,919	-26,672		
14,934	-19,819		
14,947	-14,077		
14,96	-24,264		
14,973	-41,12		
14,985	-36,674		
14,997	-34,637		
15,008	-43,342		
15,02	-47,047		
15,03	-47,417		
15,041	-39,267		
15,052	-28,524		
15,063	-16,67		
15,075	-29,636		
15,086	-36,304		
15,099	-32,044		
15,112	-32,044		
15,123	-31,303		
15,135	-31,303		
15,146	-41,675		
15,158	-46,306		
15,171	-43,342		
15,184	-33,525		
15,197	-34,266		
15,211	-37,045		
15,223	-33,155		
15,234	-28,524		
15,245	-23,894		
15,258	-29,265		
15,269	-22,782		
15,28	-15,374		
15,291	-21,115		
15,303	-28,895		
15,314	-34,452		
15,325	-37,971		
15,336	-35,007		
15,348	-44,824		
15,361	-47,417		
15,373	-30,747		
15,384	-24,264		
15,395	-36,674		
15,407	-30,562		
15,418	-14,818		
15,431	-13,521		
15,444	-16,3		
15,456	-17,967		
15,469	-16,855		
15,48	-16,855		
15,492	-25,746		
15,505	-30,562		
15,518	-38,526		
15,529	-42,046		
15,54	-44,639		
15,551	-45,565		
15,562	-39,823		
15,572	-43,342		
15,584	-37,786		
15,595	-32,044		
15,608	-47,602		
15,62	-47,788		
15,633	-45,75		
15,646	-45,009		
15,661	-36,304		
15,675	-42,416		
15,689	-34,452		
15,701	-26,857		
15,715	-27,784		
15,727	-33,525		
15,741	-30,006		
15,754	-29,451		
15,767	-32,97		
15,78	-23,523		
15,792	-19,263		
15,803	-25,931		
15,815	-17,411		
15,826	-6,298		
15,838	-9,632		
15,85	-16,855		
15,862	-17,781		
15,873	-28,895		
15,884	-33,711		
15,898	-27,228		
15,911	-29,821		
15,924	-36,304		
15,936	-30,006		
15,95	-26,857		
15,963	-24,82		
15,976	-34,081		
15,988	-38,526		
16,005	-53,159		
16,019	-52,974		
16,03	-48,343		
16,042	-47,417		
16,055	-42,231		
16,067	-43,713		
16,08	-20,745		
16,093	-15,188		
16,107	-19,448		
16,12	-16,114		
16,133	-13,707		
16,145	-18,152		
16,161	-12,966		
16,175	-22,042		
16,187	-29,451		
16,201	-26,302		
16,213	-19,819		
16,225	-26,487		
16,236	-24,449		
16,248	-12,41		
16,259	-24,449		
16,271	-36,119		
16,282	-42,972		
16,294	-32,599		
16,308	-32,229		
16,32	-32,785		
16,332	-33,525		
16,344	-39,267		
16,355	-37,971		
16,369	-36,119		
16,381	-35,007		
16,395	-35,748		
16,407	-24,264		
16,421	-38,341		
16,432	-36,304		
16,443	-36,304		
16,456	-33,711		
16,47	-43,898		
16,482	-39,082		
16,494	-26,672		
16,506	-32,229		
16,518	-38,897		
16,529	-30,191		
16,541	-24,449		
16,552	-29,08		
16,564	-27,598		
16,577	-19,263		
16,588	-8,891		
16,599	-6,668		
16,611	-6,853		
16,623	-22,227		
16,634	-30,562		
16,645	-25,005		
16,657	-15,188		
16,669	-21,115		
16,68	-19,448		
16,694	-24,264		
16,706	-29,636		
16,719	-26,302		
16,732	-30,562		
16,745	-34,452		
16,758	-34,266		
16,77	-34,266		
16,783	-33,711		
16,796	-33,525		
16,807	-46,862		
16,818	-44,268		
16,829	-43,342		
16,84	-54,456		
16,852	-48,158		
16,863	-27,228		
16,874	-29,08		
16,885	-19,078		
16,896	-16,855		
16,907	-27,413		
16,92	-20,375		
16,933	-13,892		
16,947	-13,892		
16,958	-16,114		
16,97	-13,336		
16,982	-20,93		
16,992	-33,896		
17,004	-31,118		
17,015	-34,822		
17,026	-32,229		
17,037	-28,895		
17,048	-25,931		
17,059	-26,302		
17,07	-32,785		
17,082	-40,008		
17,095	-43,157		
17,107	-43,898		
17,119	-47,602		
17,13	-51,677		
17,142	-45,195		
17,154	-47,973		
17,167	-44,639		
17,18	-32,229		
17,192	-24,635		
17,203	-28,895		
17,215	-35,007		
17,226	-44,268		
17,236	-42,231		
17,247	-42,787		
17,259	-31,858		
17,27	-27,598		
17,281	-26,857		
17,292	-25,931		
17,303	-26,857		
17,314	-35,192		
17,325	-21,301		
17,336	-15,559		
17,347	-18,337		
17,358	-23,709		
17,369	-26,672		
17,38	-16,114		
17,391	-17,226		
17,401	-25,746		
17,414	-15,929		
17,426	-15,929		
17,437	-20,189		
17,448	-25,746		
17,459	-12,78		
17,471	-11,854		
17,483	-20,56		
17,495	-22,782		
17,508	-30,932		
17,521	-30,932		
17,534	-28,524		
17,546	-21,301		
17,558	-18,708		
17,569	-10,187		
17,581	-13,336		
17,595	-19,634		
17,608	-31,673		
17,621	-42,416		
17,634	-38,712		
17,648	-39,082		
17,66	-46,676		
17,674	-35,007		
17,687	-32,044		
17,699	-30,932		
17,71	-36,119		
17,721	-38,526		
17,733	-39,267		
17,744	-36,304		
17,757	-36,304		
17,77	-30,377		
17,781	-23,338		
17,793	-27,969		
17,805	-23,523		
17,817	-15,559		
17,828	-13,892		
17,84	-14,077		
17,852	-15,374		
17,863	-10,002		
17,875	-15,744		
17,887	-13,151		
17,9	-10,187		
17,913	-20,93		
17,927	-23,894		
17,939	-24,635		
17,95	-23,338		
17,96	-22,782		
17,971	-15,374		
17,984	-16,114		
17,995	-41,305		
18,006	-33,34		
18,018	-30,932		
18,03	-26,487		
18,041	-37,23		
18,053	-40,008		
18,066	-24,82		
18,079	-26,857		
18,092	-25,561		
18,102	-28,895		
18,113	-29,265		
18,127	-33,155		
18,14	-19,448		
18,154	-26,302		
18,168	-33,155		
18,18	-31,303		
18,192	-42,231		
18,203	-50,751		
18,215	-47,417		
18,226	-46,862		
18,238	-53,344		
18,25	-49,64		
18,263	-26,857		
18,276	-23,894		
18,29	-21,671		
18,302	-29,821		
18,314	-28,339		
18,326	-24,82		
18,338	-29,265		
18,351	-33,711		
18,364	-38,712		
18,377	-39,082		
18,39	-42,046		
18,401	-48,158		
18,413	-48,158		
18,424	-56,678		
18,437	-42,601		
18,452	-34,637		
18,465	-38,712		
18,479	-35,933		
18,492	-46,676		
18,504	-53,159		
18,518	-47,047		
18,531	-37,045		
18,544	-29,821		
18,555	-25,19		
18,567	-36,304		
18,578	-35,192		
18,59	-36,304		
18,602	-22,782		
18,614	-26,117		
18,628	-38,156		
18,642	-47,788		
18,655	-46,676		
18,668	-52,048		
18,681	-51,122		
18,692	-49,269		
18,702	-45,565		
18,713	-36,119		
18,724	-26,487		
18,738	-36,119		
18,75	-36,119		
18,762	-49,269		
18,773	-45,38		
18,784	-37,415		
18,795	-37,23		
18,808	-40,934		
18,821	-37,786		
18,833	-24,635		
18,846	-17,226		
18,858	-24,264		
18,871	-37,786		
18,884	-40,379		
18,896	-28,339		
18,907	-31,673		
18,919	-38,156		
18,931	-34,822		
18,945	-32,414		
18,958	-41,12		
18,971	-31,118		
18,983	-45,75		
18,995	-59,457		
19,006	-59,086		
19,017	-40,379		
19,029	-28,339		
19,041	-24,264		
19,053	-32,599		
19,067	-34,452		
19,08	-34,452		
19,091	-29,821		
19,102	-18,522		
19,113	-23,338		
19,125	-24,635		
19,136	-17,041		
19,148	-17,411		
19,16	-33,525		
19,174	-41,305		
19,187	-40,564		
19,2	-51,122		
19,212	-55,011		
19,225	-35,378		
19,238	-30,006		
19,251	-37,23		
19,262	-43,157		
19,274	-39,082		
19,285	-36,674		
19,297	-35,748		
19,308	-38,341		
19,32	-32,229		
19,331	-26,117		
19,342	-29,08		
19,354	-25,376		
19,366	-32,414		
19,377	-37,971		
19,39	-52,974		
19,403	-52,974		
19,416	-49,269		
19,428	-38,712		
19,44	-25,19		
19,451	-20,56		
19,463	-18,337		
19,476	-27,043		
19,488	-20,375		
19,501	-22,227		
19,513	-22,042		
19,524	-11,669		
19,535	-23,523		
19,547	-17,967		
19,558	-16,3		
19,569	-25,746		
19,58	-22,597		
19,592	-28,895		
19,603	-35,748		
19,616	-30,191		
19,629	-25,005		
19,642	-21,486		
19,655	-27,598		
19,666	-28,524		
19,678	-36,674		
19,689	-35,933		
19,701	-33,711		
19,712	-25,746		
19,724	-26,672		
19,735	-26,672		
19,747	-26,117		
19,758	-28,154		
19,769	-30,562		
19,78	-23,153		
19,792	-14,077		
19,803	-24,82		
19,814	-27,413		
19,825	-24,82		
19,837	-24,079		
19,848	-19,634		
19,859	-24,264		
19,87	-26,672		
19,881	-32,97		
19,892	-35,192		
19,904	-37,23		
19,915	-33,34		
19,927	-29,265		
19,939	-19,819		
19,95	-17,596		
19,962	-30,562		
19,973	-32,044		
19,983	-44,268		
19,994	-49,825		
20,005	-42,046		
20,017	-42,972		
20,028	-43,342		
20,038	-48,714		
20,049	-55,567		
20,061	-55,567		
20,073	-51,492		
20,087	-42,416		
20,099	-42,416		
20,112	-46,121		
20,125	-47,973		
20,137	-30,747		
20,15	-20,56		
20,163	-19,263		
20,177	-25,561		
20,19	-11,299		
20,203	-20,56		
20,214	-27,228		
20,226	-44,268		
20,237	-47,417		
20,248	-34,266		
20,261	-17,781		
20,274	-12,04		
20,288	-7,965		
20,301	-16,3		
20,314	-15,374		
20,327	-12,595		
20,34	-23,894		
20,352	-23,523		
20,366	-27,413		
20,38	-34,266		
20,392	-34,266		
20,405	-51,492		
20,419	-51,863		
20,432	-45,009		
20,445	-47,047		
20,456	-38,156		
20,469	-25,19		
20,48	-27,969		
20,493	-28,524		
20,506	-37,045		
20,518	-31,858		
20,53	-37,6		
20,543	-38,526		
20,555	-46,121		
20,568	-41,675		
20,581	-44,639		
20,594	-47,973		
20,607	-35,933		
20,619	-33,896		
20,631	-30,377		
20,642	-27,969		
20,654	-33,896		
20,666	-27,228		
20,678	-23,894		
20,69	-26,487		
20,703	-38,156		
20,714	-38,156		
20,727	-36,489		
20,74	-27,784		
20,753	-30,562		
20,764	-34,452		
20,776	-25,005		
20,787	-28,524		
20,797	-35,378		
20,811	-37,045		
20,822	-34,081		
20,833	-40,564		
20,844	-32,229		
20,857	-43,342		
20,869	-46,676		
20,882	-46,306		
20,895	-55,937		
20,907	-60,383		
20,921	-46,491		
20,931	-36,674		
20,944	-36,859		
20,956	-31,673		
20,97	-24,635		
20,983	-12,41		
20,994	-17,781		
21,005	-18,522		
21,017	-25,376		
21,03	-32,229		
21,041	-32,229		
21,052	-33,34		
21,064	-44,083		
21,076	-46,862		
21,09	-50,01		
21,103	-25,931		
21,116	-22,782		
21,13	-17,041		
21,142	-20,56		
21,153	-28,339		
21,166	-29,265		
21,178	-35,192		
21,191	-36,674		
21,204	-29,08		
21,218	-42,231		
21,231	-49,084		
21,243	-48,714		
21,255	-37,045		
21,267	-31,858		
21,279	-17,967		
21,29	-18,152		
21,301	-12,225		
21,313	-11,113		
21,325	-11,484		
21,338	-35,563		
21,352	-47,047		
21,363	-48,343		
21,375	-48,343		
21,386	-41,305		
21,398	-34,266		
21,41	-41,675		
21,422	-33,155		
21,435	-24,264		
21,448	-25,561		
21,462	-22,782		
21,475	-30,191		
21,489	-42,787		
21,501	-31,488		
21,514	-37,6		
21,528	-18,893		
21,541	-28,71		
21,553	-27,228		
21,565	-26,857		
21,576	-27,228		
21,587	-17,781		
21,599	-14,077		
21,61	-19,448		
21,622	-15,188		
21,634	-23,523		
21,645	-28,339		
21,657	-26,857		
21,67	-23,894		
21,683	-23,894		
21,699	-25,376		
21,712	-31,673		
21,726	-45,009		
21,739	-40,379		
21,752	-44,639		
21,765	-48,714		
21,777	-53,159		
21,79	-52,048		
21,802	-51,307		
21,816	-50,381		
21,829	-40,193		
21,843	-41,305		
21,855	-42,972		
21,868	-40,934		
21,881	-32,785		
21,894	-29,451		
21,907	-28,71		
21,918	-33,34		
21,929	-26,117		
21,941	-22,412		
21,953	-20,56		
21,966	-22,227		
21,979	-17,596		
21,99	-32,785		
22,002	-31,673		
22,014	-40,379		
22,024	-40,379		
22,037	-30,191		
22,049	-34,266		
22,061	-47,602		
22,073	-42,231		
22,085	-22,782		
22,098	-18,337		
22,11	-13,151		
22,123	-19,819		
22,136	-27,413		
22,148	-33,155		
22,16	-25,931		
22,171	-17,967		
22,182	-19,819		
22,193	-17,596		
22,206	-13,892		
22,218	-25,931		
22,231	-14,262		
22,244	-10,928		
22,256	-21,486		
22,27	-36,304		
22,282	-36,859		
22,294	-40,379		
22,305	-30,006		
22,317	-22,782		
22,331	-18,152		
22,342	-19,819		
22,354	-19,819		
22,364	-16,485		
22,377	-26,672		
22,39	-33,155		
22,403	-38,526		
22,415	-45,565		
22,427	-42,972		
22,437	-44,083		
22,448	-33,711		
22,46	-26,302		
22,471	-43,157		
22,483	-53,715		
22,494	-50,751		
22,506	-41,12		
22,517	-30,747		
22,527	-26,487		
22,539	-34,266		
22,55	-27,598		
22,562	-24,079		
22,573	-29,08		
22,585	-28,154		
22,596	-26,672		
22,608	-22,412		
22,619	-23,709		
22,631	-25,931		
22,642	-19,078		
22,654	-22,227		
22,664	-26,302		
22,677	-32,599		
22,689	-34,081		
22,702	-37,786		
22,713	-35,378		
22,727	-20,93		
22,741	-36,859		
22,753	-48,343		
22,765	-50,751		
22,776	-40,193		
22,788	-39,823		
22,8	-33,155		
22,812	-19,263		
22,823	-17,781		
22,834	-14,633		
22,846	-16,3		
22,857	-23,523		
22,867	-25,376		
22,878	-33,34		
22,889	-31,858		
22,9	-30,932		
22,912	-27,043		
22,922	-27,413		
22,933	-30,006		
22,946	-41,305		
22,957	-49,269		
22,969	-41,305		
22,98	-47,602		
22,991	-43,898		
23,003	-27,598		
23,015	-25,005		
23,026	-25,005		
23,038	-24,449		
23,05	-17,781		
23,063	-20,745		
23,074	-30,006		
23,086	-45,75		
23,096	-42,046		
23,108	-33,525		
23,122	-27,598		
23,135	-26,487		
23,147	-29,265		
23,16	-28,524		
23,173	-25,005		
23,187	-33,34		
23,2	-49,084		
23,212	-58,716		
23,224	-49,084		
23,238	-41,675		
23,248	-41,675		
23,262	-34,822		
23,275	-39,082		
23,287	-36,119		
23,297	-29,08		
23,309	-25,19		
23,32	-25,561		
23,334	-24,449		
23,346	-23,153		
23,359	-18,893		
23,372	-20,93		
23,384	-26,487		
23,395	-34,452		
23,407	-47,602		
23,421	-35,563		
23,434	-42,601		
23,445	-47,788		
23,459	-28,154		
23,471	-20,93		
23,485	-10,558		
23,499	-11,669		
23,512	-14,633		
23,524	-27,784		
23,538	-26,672		
23,55	-38,341		
23,562	-33,34		
23,575	-25,376		
23,588	-21,301		
23,601	-20,56		
23,612	-16,3		
23,623	-12,04		
23,635	-15,374		
