Posição (mm) - Plot 0	Força (N) - Plot 0	Posição (mm) - Plot 1	Força (N) - Plot 1
0	-8,52		
0	-12,41		
0,006	-16,855		
0,023	-15,188		
0,034	-19,263		
0,051	-35,748		
0,068	-39,082		
0,084	-19,448		
0,095	-12,78		
0,106	-5,927		
0,122	-5,371		
0,134	-2,964		
0,149	-12,04		
0,161	-18,893		
0,172	-11,113		
0,182	-11,854		
0,194	-15,188		
0,204	-6,853		
0,216	-9,446		
0,226	-25,931		
0,237	-25,746		
0,247	-21,115		
0,26	-24,635		
0,27	-22,227		
0,281	-14,633		
0,292	-13,336		
0,302	-16,855		
0,314	-11,484		
0,324	-21,856		
0,336	-22,968		
0,346	-22,968		
0,358	-12,78		
0,369	-9,632		
0,383	-10,928		
0,397	-7,038		
0,41	7,409		
0,431	1,297		
0,442	-3,89		
0,453	-5,742		
0,466	-12,595		
0,475	-7,409		
0,487	-14,818		
0,497	-6,112		
0,508	7,224		
0,521	-1,667		
0,532	-11,669		
0,542	-9,261		
0,553	-5,186		
0,567	-11,113		
0,579	-0,556		
0,59	-5,186		
0,602	-20,375		
0,616	-21,856		
0,626	-4,075		
0,638	5,371		
0,651	5,557		
0,665	5,001		
0,677	5,927		
0,687	11,854		
0,7	13,521		
0,713	15,003		
0,731	8,15		
0,743	-0,185		
0,754	7,224		
0,768	2,778		
0,781	-15,929		
0,794	-7,594		
0,807	1,482		
0,821	-3,519		
0,833	-2,037		
0,845	9,261		
0,856	17,411		
0,868	22,042		
0,88	23,338		
0,891	22,782		
0,901	18,893		
0,912	19,448		
0,923	15,559		
0,933	7,779		
0,946	7,594		
0,959	9,446		
0,971	17,411		
0,982	16,114		
0,993	11,669		
1,005	13,151		
1,018	16,855		
1,03	12,225		
1,042	10,928		
1,052	9,446		
1,065	10,373		
1,076	3,334		
1,087	8,891		
1,099	17,967		
1,11	17,781		
1,123	19,263		
1,135	15,374		
1,145	18,152		
1,156	14,077		
1,167	12,225		
1,179	13,336		
1,19	12,595		
1,2	18,522		
1,21	22,782		
1,222	24,079		
1,233	28,154		
1,246	20,93		
1,256	16,114		
1,266	20,375		
1,278	37,415		
1,29	45,195		
1,301	34,266		
1,312	27,784		
1,322	23,338		
1,332	23,338		
1,343	27,043		
1,353	27,413		
1,364	29,821		
1,377	21,671		
1,387	21,301		
1,399	27,598		
1,411	25,005		
1,421	24,82		
1,433	27,969		
1,444	27,784		
1,454	22,227		
1,465	16,855		
1,475	23,709		
1,486	32,599		
1,496	31,118		
1,506	27,598		
1,518	18,893		
1,529	16,485		
1,54	27,413		
1,55	38,526		
1,562	50,196		
1,575	53,715		
1,588	44,639		
1,6	35,748		
1,611	31,858		
1,623	45,009		
1,633	46,121		
1,645	42,787		
1,655	42,787		
1,666	48,714		
1,677	53,9		
1,687	45,75		
1,7	45,935		
1,712	48,714		
1,726	47,232		
1,736	50,936		
1,746	42,231		
1,757	23,894		
1,771	28,154		
1,784	43,898		
1,796	35,748		
1,808	35,378		
1,819	37,23		
1,83	38,897		
1,841	42,416		
1,853	40,934		
1,863	40,934		
1,874	48,899		
1,886	50,01		
1,897	57,419		
1,909	57,049		
1,921	52,603		
1,931	62,606		
1,944	60,198		
1,954	53,159		
1,964	53,9		
1,974	41,675		
1,985	41,675		
1,996	32,785		
2,008	30,006		
2,021	37,6		
2,032	36,119		
2,042	48,714		
2,055	63,902		
2,067	66,68		
2,08	60,939		
2,09	64,273		
2,103	62,235		
2,115	59,086		
2,127	54,826		
2,139	46,862		
2,152	46,306		
2,163	70,755		
2,175	72,422		
2,187	70,385		
2,197	58,345		
2,208	54,085		
2,221	52,418		
2,232	62,05		
2,242	77,238		
2,254	75,571		
2,264	70,755		
2,275	67,792		
2,285	61,309		
2,296	76,682		
2,308	76,682		
2,321	62,05		
2,334	57,419		
2,347	53,715		
2,358	64,458		
2,369	69,088		
2,38	76,312		
2,391	89,463		
2,403	96,872		
2,421	94,279		
2,431	102,058		
2,442	97,057		
2,452	96,131		
2,462	92,797		
2,473	85,018		
2,483	91,871		
2,494	93,908		
2,505	95,761		
2,517	97,428		
2,527	96,501		
2,539	94,279		
2,552	97,057		
2,564	84,647		
2,579	84,462		
2,591	78,72		
2,606	89,092		
2,619	107,244		
2,634	112,986		
2,647	117,802		
2,658	108,356		
2,669	93,538		
2,68	98,354		
2,691	109,837		
2,701	101,688		
2,714	102,429		
2,724	111,134		
2,735	114,839		
2,745	110,208		
2,757	113,727		
2,77	107,43		
2,781	106,503		
2,792	112,245		
2,804	116,691		
2,816	131,323		
2,828	132,62		
2,837	122,988		
2,85	112,986		
2,864	113,912		
2,877	118,913		
2,89	120,58		
2,902	131,509		
2,914	131,509		
2,927	138,177		
2,939	138,732		
2,953	144,659		
2,966	138,362		
2,977	138,362		
2,987	134,472		
2,998	128,916		
3,01	125,026		
3,022	127,619		
3,032	125,026		
3,045	108,541		
3,057	107,43		
3,068	121,877		
3,079	134,287		
3,09	137,065		
3,101	135,769		
3,112	141,511		
3,123	140,029		
3,135	127,804		
3,147	125,211		
3,158	131,509		
3,17	138,362		
3,182	145,956		
3,193	145,215		
3,204	148,92		
3,216	150,031		
3,228	152,068		
3,24	165,034		
3,252	165,034		
3,261	161,144		
3,272	162,07		
3,281	156,884		
3,292	153,18		
3,303	153,18		
3,314	151,142		
3,326	158,922		
3,337	158,181		
3,349	148,549		
3,359	139,103		
3,37	142,252		
3,381	149,661		
3,391	149,661		
3,401	158,366		
3,412	163,367		
3,422	164,108		
3,433	160,033		
3,443	158,736		
3,454	162,811		
3,465	174,666		
3,477	186,335		
3,49	181,704		
3,5	178,37		
3,511	187,261		
3,523	179,852		
3,534	172,258		
3,545	182,26		
3,556	181,149		
3,567	186,335		
3,58	192,632		
3,592	189,113		
3,604	185,409		
3,616	177,259		
3,627	169,109		
3,639	169,109		
3,651	170,22		
3,664	181,704		
3,676	186,52		
3,687	186,52		
3,699	180,963		
3,709	173,369		
3,72	174,851		
3,731	177,444		
3,742	190,78		
3,753	200,041		
3,765	205,042		
3,776	198,93		
3,787	195,411		
3,797	202,634		
3,808	198,56		
3,821	195,596		
3,831	203,005		
3,841	210,969		
3,853	199,856		
3,864	204,672		
3,874	204,301		
3,885	200,412		
3,896	202,82		
3,906	208,006		
3,917	209,858		
3,928	207,08		
3,939	201,708		
3,95	196,522		
3,961	196,522		
3,971	193,929		
3,982	188,002		
3,993	189,669		
4,003	190,78		
4,016	193,929		
4,026	197,819		
4,037	213,007		
4,048	218,564		
4,058	212,081		
4,069	208,376		
4,08	219,86		
4,094	214,118		
4,106	214,859		
4,117	218,193		
4,128	219,86		
4,139	216,897		
4,149	223,194		
4,162	212,266		
4,172	209,488		
4,182	210,969		
4,194	217,267		
4,207	230,233		
4,22	252,274		
4,232	253,571		
4,243	240,235		
4,253	238,938		
4,265	241,346		
4,276	235,419		
4,285	235,419		
4,296	228,01		
4,307	241,902		
4,317	238,753		
4,329	230,047		
4,339	235,419		
4,35	231,529		
4,361	238,383		
4,372	244,495		
4,383	250,978		
4,393	259,498		
4,404	262,647		
4,415	269,315		
4,427	268,574		
4,437	257,09		
4,449	278,391		
4,46	280,428		
4,471	283,762		
4,482	291,171		
4,493	289,875		
4,503	277,465		
4,515	275,612		
4,527	277,65		
4,537	277,465		
4,548	275,983		
4,561	261,721		
4,574	277,835		
4,587	278,391		
4,599	270,611		
4,61	275,242		
4,622	297,469		
4,635	289,504		
4,646	284,318		
4,657	288,949		
4,668	276,909		
4,678	268,944		
4,691	263,202		
4,702	252,645		
4,714	230,603		
4,725	221,898		
4,736	217,082		
4,747	220,786		
4,759	213,192		
4,771	215,23		
4,782	207,265		
4,795	200,967		
4,808	184,853		
4,819	180,408		
4,829	141,881		
4,839	104,096		
4,849	100,947		
4,862	107,615		
4,873	137,436		
4,885	126,137		
4,896	122,062		
4,909	124,47		
4,92	122,433		
4,931	128,73		
4,943	123,544		
4,957	123,544		
4,973	136,88		
4,986	138,362		
4,998	136,88		
5,011	133,546		
5,025	138,177		
5,037	136,139		
5,051	134,287		
5,064	143,919		
5,077	152,809		
5,09	156,514		
5,103	151,328		
5,115	149,29		
5,127	169,109		
5,138	174,11		
5,152	170,035		
5,167	178,741		
5,178	176,703		
5,191	170,406		
5,204	173,184		
5,216	180,963		
5,229	177,814		
5,242	163,923		
5,255	154,106		
5,268	167,998		
5,28	191,151		
5,293	186,705		
5,305	180,037		
5,316	181,704		
5,328	177,259		
5,34	194,299		
5,351	192,447		
5,364	181,149		
5,378	189,484		
5,391	198,56		
5,405	193,188		
5,42	188,002		
5,433	194,67		
5,445	203,19		
5,457	204,672		
5,47	207,265		
5,483	208,376		
5,496	204,672		
5,508	199,671		
5,519	208,932		
5,532	215,6		
5,543	219,305		
5,554	223,379		
5,566	218,564		
5,58	228,566		
5,593	222,268		
5,604	215,785		
5,615	215,785		
5,627	211,525		
5,639	201,338		
5,652	206,709		
5,666	214,489		
5,678	210,969		
5,689	208,747		
5,701	193,003		
5,712	193,558		
5,723	191,706		
5,735	184,668		
5,746	185,038		
5,757	187,261		
5,769	193,188		
5,781	202,449		
5,793	199,486		
5,806	194,67		
5,819	190,039		
5,832	200,782		
5,846	215,23		
5,857	217,823		
5,87	217,082		
5,881	223,379		
5,893	222,083		
5,904	219,675		
5,915	223,194		
5,928	221,157		
5,941	221,157		
5,955	223,009		
5,966	223,565		
5,981	216,711		
5,995	219,119		
6,008	218,749		
6,022	215,415		
6,033	220,416		
6,045	217,638		
6,056	215,971		
6,067	203,375		
6,079	200,227		
6,091	196,892		
6,104	203,931		
6,117	220,786		
6,13	234,863		
6,141	232,27		
6,154	237,827		
6,165	240,05		
6,176	232,27		
6,187	216,897		
6,199	204,487		
6,21	208,747		
6,221	210,229		
6,232	205,413		
6,244	211,155		
6,257	216,341		
6,269	216,341		
6,282	233,196		
6,295	235,604		
6,308	235,975		
6,321	235,049		
6,332	239,494		
6,345	233,937		
6,357	184,483		
6,37	52,603		
6,38	0,926		
6,391	-3,334		
6,403	-2,593		
6,415	-2,964		
6,426	9,446		
6,437	10,187		
6,448	20,93		
6,459	22,227		
6,471	24,82		
6,481	23,153		
6,492	14,818		
6,503	8,335		
6,516	8,335		
6,526	13,521		
6,537	14,447		
6,548	17,041		
6,559	14,818		
6,57	11,113		
6,582	-1,482		
6,593	-1,482		
6,604	-6,112		
6,615	-2,408		
6,627	-3,519		
6,638	-1,111		
6,649	-1,482		
6,662	20,745		
6,675	14,262		
6,686	10,187		
6,7	12,41		
6,712	10,002		
6,723	8,706		
6,734	5,186		
6,745	5,186		
6,756	2,964		
6,768	-13,892		
6,779	-11,299		
6,79	-9,632		
6,803	-0,556		
6,816	9,817		
6,829	-3,519		
6,84	-1,667		
6,853	1,482		
6,865	7,779		
6,878	15,744		
6,89	15,003		
6,903	15,003		
6,915	10,187		
6,928	-7,224		
6,941	-13,892		
6,954	-9,446		
6,967	-9,261		
6,98	-11,113		
6,992	0,556		
7,006	7,224		
7,021	4,445		
7,033	15,929		
7,045	12,966		
7,056	11,299		
7,067	1,667		
7,08	-15,559		
7,093	12,225		
7,107	16,855		
7,122	8,891		
7,134	11,854		
7,146	8,706		
7,157	13,151		
7,17	5,186		
7,182	-3,519		
7,194	-4,631		
7,205	2,593		
7,216	4,26		
7,229	8,52		
7,242	10,928		
7,255	8,706		
7,268	8,706		
7,28	16,485		
7,293	20,56		
7,306	17,967		
7,32	3,149		
7,332	-0,37		
7,345	-0,37		
7,356	-4,26		
7,367	-0,37		
7,38	7,409		
7,395	3,149		
7,409	1,297		
7,423	-12,595		
7,436	-3,519		
7,449	1,852		
7,462	0,185		
7,474	8,335		
7,487	9,817		
7,5	10,002		
7,513	5,186		
7,526	2,037		
7,537	-6,483		
7,547	-10,743		
7,558	-13,707		
7,569	-4,075		
7,581	8,335		
7,594	8,335		
7,605	-9,446		
7,617	-13,151		
7,63	-2,408		
7,643	4,26		
7,654	19,263		
7,665	16,855		
7,677	8,335		
7,689	17,411		
7,703	15,744		
7,715	17,781		
7,726	12,41		
7,74	-6,112		
7,753	-0,185		
7,764	1,667		
7,776	5,557		
7,787	1,667		
7,799	5,001		
7,812	6,853		
7,825	2,037		
7,837	-7,594		
7,848	-17,411		
7,861	-18,522		
7,873	-9,817		
7,886	-0,741		
7,899	3,334		
7,912	6,853		
7,925	7,409		
7,941	8,706		
7,955	-1,667		
7,968	1,482		
7,981	-3,89		
7,997	-7,779		
8,011	-15,929		
8,024	-13,892		
8,037	-16,114		
8,049	-5,371		
8,062	-7,224		
8,075	-7,224		
8,086	-4,075		
8,098	-17,041		
8,111	-9,446		
8,122	-12,225		
8,134	-4,26		
8,148	7,409		
8,162	3,334		
8,174	-11,669		
8,185	-7,409		
8,198	-0,926		
8,209	10,743		
8,22	11,113		
8,232	15,559		
8,244	15,559		
8,255	12,595		
8,267	13,151		
8,28	14,447		
8,293	17,041		
8,306	19,819		
8,318	19,448		
8,329	12,78		
8,341	7,594		
8,354	15,744		
8,367	16,3		
8,381	13,151		
8,393	14,262		
8,405	14,447		
8,418	13,151		
8,428	10,373		
8,44	17,411		
8,451	12,41		
8,464	14,077		
8,476	11,113		
8,488	14,077		
8,498	13,892		
8,509	8,335		
8,523	2,778		
8,534	-0,556		
8,545	-3,704		
8,556	-0,741		
8,568	6,668		
8,579	8,891		
8,591	1,852		
8,603	12,78		
8,614	22,042		
8,626	18,337		
8,64	2,408		
8,653	-21,486		
8,665	-13,521		
8,678	-5,557		
8,691	-0,185		
8,704	16,67		
8,718	15,374		
8,73	11,854		
8,743	4,445		
8,755	-3,149		
8,77	-10,928		
8,783	-11,113		
8,795	12,225		
8,807	17,967		
8,819	-3,89		
8,832	-7,038		
8,844	11,669		
8,854	20,745		
8,866	16,3		
8,877	5,927		
8,889	-3,519		
8,902	-3,519		
8,915	-12,41		
8,928	-6,483		
8,941	-2,408		
8,954	-0,556		
8,966	-7,038		
8,979	-7,224		
8,989	-7,038		
9	-13,892		
9,011	-7,038		
9,022	3,519		
9,034	4,631		
9,047	0,37		
9,06	-7,779		
9,072	2,593		
9,084	-3,519		
9,097	8,52		
9,109	19,634		
9,123	18,708		
9,134	12,966		
9,146	10,002		
9,158	9,632		
9,171	12,225		
9,184	12,225		
9,198	18,152		
9,212	13,151		
9,224	13,707		
9,236	3,334		
9,246	-5,557		
9,258	0,926		
9,27	0,185		
9,284	-13,707		
9,296	-11,484		
9,31	2,593		
9,323	12,41		
9,335	15,929		
9,347	13,707		
9,36	20,189		
9,373	16,485		
9,386	7,594		
9,398	6,112		
9,411	7,409		
9,424	9,446		
9,436	11,854		
9,447	11,299		
9,459	7,965		
9,471	0,185		
9,482	4,075		
9,493	11,854		
9,505	9,632		
9,518	-12,41		
9,531	-12,78		
9,542	-20,745		
9,554	-10,558		
9,568	-10,558		
9,582	-4,816		
9,597	1,111		
9,61	3,89		
9,623	10,558		
9,636	3,334		
9,648	-12,966		
9,659	-13,892		
9,671	-4,26		
9,684	12,41		
9,697	19,634		
9,71	6,668		
9,722	-13,521		
9,735	-18,893		
9,748	-6,298		
9,761	8,706		
9,774	-2,964		
9,787	-14,447		
9,8	-7,965		
9,811	2,593		
9,822	15,003		
9,834	19,263		
9,847	11,854		
9,86	17,226		
9,871	11,299		
9,883	8,706		
9,895	8,706		
9,906	7,965		
9,917	2,037		
9,931	-2,408		
9,944	0,926		
9,956	1,297		
9,967	0		
9,979	2,223		
9,989	5,001		
10,001	-7,594		
10,014	-9,446		
10,028	-6,112		
10,042	-8,706		
10,055	-7,965		
10,068	-2,964		
10,079	-0,741		
10,091	2,778		
10,102	0,556		
10,114	5,557		
10,124	0,556		
10,136	-7,038		
10,146	-22,042		
10,158	-16,855		
10,169	-8,706		
10,182	-5,186		
10,195	-2,223		
10,209	13,521		
10,223	13,521		
10,238	7,038		
10,251	3,89		
10,264	-14,077		
10,277	-6,668		
10,29	-10,928		
10,302	-16,855		
10,315	8,15		
10,326	8,15		
10,336	3,704		
10,35	-7,409		
10,361	-18,708		
10,371	-19,819		
10,383	-7,038		
10,396	-3,149		
10,409	4,631		
10,422	11,854		
10,434	17,781		
10,445	15,374		
10,457	0,185		
10,47	6,112		
10,483	19,819		
10,495	22,412		
10,508	16,485		
10,521	14,262		
10,533	14,077		
10,543	18,708		
10,557	9,817		
10,57	13,336		
10,583	18,522		
10,595	22,227		
10,607	14,447		
10,619	13,336		
10,63	17,226		
10,642	12,04		
10,653	6,483		
10,666	5,742		
10,68	12,225		
10,693	12,966		
10,707	13,151		
10,719	13,707		
10,732	11,484		
10,743	11,854		
10,755	4,075		
10,768	10,928		
10,779	15,744		
10,79	20,004		
10,802	18,337		
10,815	8,52		
10,826	10,002		
10,837	12,78		
10,849	4,445		
10,861	-3,334		
10,872	-8,706		
10,884	-8,706		
10,898	-17,041		
10,912	-6,298		
10,925	-7,594		
10,937	-8,335		
10,95	-11,484		
10,963	-9,261		
10,974	-1,852		
10,985	3,149		
10,999	22,042		
11,012	12,225		
11,025	7,965		
11,036	11,854		
11,049	14,633		
11,06	16,3		
11,072	11,299		
11,083	10,187		
11,095	14,262		
11,107	18,708		
11,118	19,078		
11,13	16,114		
11,142	-0,926		
11,153	-2,408		
11,165	6,853		
11,178	9,817		
11,191	0,37		
11,205	-13,707		
11,217	-10,558		
11,231	-0,741		
11,244	16,67		
11,256	14,262		
11,269	12,966		
11,284	13,707		
11,296	21,301		
11,309	24,635		
11,323	10,558		
11,336	-11,854		
11,349	-12,41		
11,361	-8,335		
11,373	-12,04		
11,385	-13,521		
11,398	-5,186		
11,41	5,371		
11,421	8,335		
11,435	2,778		
11,447	10,558		
11,46	16,67		
11,472	3,89		
11,483	4,075		
11,495	6,853		
11,506	2,778		
11,517	-9,817		
11,528	-11,299		
11,541	-8,706		
11,556	9,632		
11,568	18,337		
11,581	11,854		
11,593	16,3		
11,604	14,818		
11,616	10,743		
11,627	7,779		
11,639	14,262		
11,651	19,078		
11,662	17,596		
11,674	12,78		
11,684	8,335		
11,697	1,482		
11,709	-5,001		
11,721	7,038		
11,732	21,301		
11,743	14,633		
11,754	15,559		
11,767	6,298		
11,779	7,038		
11,79	1,667		
11,802	-7,409		
11,812	-10,373		
11,823	-11,854		
11,835	-5,001		
11,848	1,297		
11,86	3,89		
11,871	3,89		
11,882	13,521		
11,893	18,893		
11,904	17,967		
11,915	20,745		
11,928	17,226		
11,94	16,855		
11,951	12,966		
11,963	15,188		
11,974	10,928		
11,986	4,816		
11,997	4,075		
12,008	3,334		
12,02	15,188		
12,031	17,967		
12,041	11,113		
12,054	5,557		
12,066	6,112		
12,078	15,929		
12,09	8,335		
12,104	-2,778		
12,117	-5,742		
12,129	-11,299		
12,143	-14,633		
12,155	-7,409		
12,168	-9,817		
12,181	-7,779		
12,195	4,445		
12,207	14,077		
12,217	7,594		
12,229	11,484		
12,24	7,594		
12,251	7,409		
12,262	1,111		
12,274	-0,741		
12,284	-3,149		
12,296	0,926		
12,306	10,558		
12,318	1,297		
12,329	-9,076		
12,339	-4,075		
12,351	-16,3		
12,364	-21,115		
12,377	-20,004		
12,39	-2,964		
12,402	2,964		
12,414	11,669		
12,425	14,077		
12,439	11,484		
12,451	17,411		
12,464	14,633		
12,478	21,115		
12,491	17,411		
12,502	15,744		
12,514	19,634		
12,525	16,3		
12,537	12,41		
12,549	18,152		
12,562	14,262		
12,575	14,633		
12,588	14,077		
12,601	19,263		
12,611	21,301		
12,621	7,409		
12,632	-0,556		
12,643	2,778		
12,654	11,854		
12,666	13,151		
12,677	2,593		
12,689	-12,04		
12,7	-11,113		
12,712	2,778		
12,723	5,186		
12,734	10,187		
12,745	13,892		
12,758	5,557		
12,77	10,002		
12,784	10,743		
12,796	15,188		
12,809	19,819		
12,822	-3,519		
12,835	-7,409		
12,848	-9,817		
12,862	-9,817		
12,876	0,37		
12,887	23,894		
12,899	22,597		
12,909	19,819		
12,921	17,967		
12,931	15,744		
12,943	23,894		
12,954	22,227		
12,964	13,707		
12,976	9,076		
12,989	12,225		
13	22,782		
13,011	17,226		
13,024	16,3		
13,036	21,856		
13,046	25,931		
13,057	15,374		
13,069	6,668		
13,082	-3,704		
13,093	-5,927		
13,105	-10,187		
13,117	-13,151		
13,13	-3,149		
13,143	-2,408		
13,156	-2,037		
13,166	-1,111		
13,177	14,447		
13,187	14,447		
13,198	27,784		
13,21	23,894		
13,222	17,411		
13,234	6,112		
13,246	4,816		
13,259	20,375		
13,27	12,595		
13,281	-3,89		
13,296	-5,557		
13,309	-4,816		
13,321	-2,778		
13,335	24,079		
13,348	9,446		
13,361	4,075		
13,373	14,633		
13,387	12,41		
13,4	22,968		
13,414	19,634		
13,428	29,821		
13,44	27,598		
13,454	17,596		
13,466	23,338		
13,48	17,967		
13,492	16,114		
13,504	22,782		
13,517	17,781		
13,53	15,744		
13,543	23,153		
13,555	16,114		
13,566	2,408		
13,576	2,593		
13,589	7,224		
13,601	3,704		
13,613	1,297		
13,626	-0,926		
13,637	1,297		
13,65	9,076		
13,664	4,26		
13,678	3,334		
13,691	2,037		
13,704	-2,964		
13,719	-10,373		
13,732	-10,743		
13,745	-8,335		
13,758	-15,003		
13,771	-16,855		
13,784	-5,927		
13,797	1,111		
13,809	19,263		
13,82	23,894		
13,833	24,449		
13,846	28,524		
13,857	19,819		
13,869	13,892		
13,88	8,891		
13,893	6,112		
13,906	-3,704		
13,918	0,185		
13,93	9,817		
13,941	2,408		
13,953	2,778		
13,966	0,185		
13,979	-11,484		
13,991	-13,336		
14,002	-5,186		
14,015	-8,706		
14,025	-5,742		
14,036	-2,408		
14,049	-4,075		
14,062	-3,334		
14,073	-1,111		
14,085	0,37		
14,095	13,336		
14,108	11,854		
14,121	15,559		
14,134	4,075		
14,148	5,927		
14,16	-2,778		
14,173	-4,816		
14,184	0,556		
14,197	12,225		
14,209	20,56		
14,22	16,67		
14,232	10,002		
14,243	16,114		
14,255	15,744		
14,265	15,744		
14,277	14,077		
14,287	19,263		
14,299	21,115		
14,31	22,782		
14,322	14,447		
14,333	5,186		
14,344	3,704		
14,355	-13,707		
14,367	-15,374		
14,379	-13,521		
14,39	10,187		
14,403	7,594		
14,415	5,742		
14,427	2,037		
14,438	10,373		
14,45	20,93		
14,461	12,225		
14,472	17,411		
14,483	19,078		
14,495	14,077		
14,506	14,077		
14,517	11,854		
14,527	3,704		
14,54	1,297		
14,553	-0,556		
14,565	7,594		
14,576	13,336		
14,588	5,371		
14,6	-15,188		
14,613	-12,41		
14,623	-9,446		
14,635	-10,187		
14,646	-2,037		
14,658	1,667		
14,669	8,52		
14,682	12,04		
14,695	13,892		
14,707	16,67		
14,719	10,928		
14,73	20,004		
14,742	22,968		
14,753	15,929		
14,764	19,634		
14,775	22,597		
14,787	16,855		
14,799	23,153		
14,812	20,93		
14,824	21,301		
14,835	21,301		
14,848	23,523		
14,861	19,078		
14,874	14,447		
14,887	13,151		
14,899	16,485		
14,911	17,967		
14,921	17,041		
14,932	14,818		
14,944	15,374		
14,954	22,782		
14,966	11,484		
14,977	1,297		
14,988	0,37		
14,999	-2,593		
15,011	-0,185		
15,023	12,78		
15,034	26,117		
15,044	21,115		
15,056	15,929		
15,068	16,855		
15,079	17,967		
15,09	16,485		
15,102	9,076		
15,114	11,113		
15,126	10,373		
15,139	7,965		
15,152	-0,185		
15,165	-0,185		
15,177	7,779		
15,19	16,485		
15,203	6,668		
15,216	-6,483		
15,229	-5,371		
15,241	-1,852		
15,254	14,818		
15,267	19,448		
15,28	12,78		
15,293	17,041		
15,306	14,077		
15,319	17,041		
15,332	13,521		
15,344	19,634		
15,357	6,853		
15,37	-9,076		
15,383	-5,001		
15,395	-9,076		
15,408	-2,223		
15,419	11,669		
15,43	9,817		
15,443	23,153		
15,456	23,709		
15,47	21,115		
15,482	16,855		
15,495	16,855		
15,509	12,225		
15,521	9,632		
15,534	15,188		
15,547	19,448		
15,562	22,782		
15,575	22,782		
15,586	14,447		
15,598	20,189		
15,612	24,449		
15,626	22,412		
15,639	10,187		
15,654	1,667		
15,668	-4,445		
15,68	-5,742		
15,694	-12,04		
15,707	-9,446		
15,72	-0,37		
15,732	4,445		
15,743	-0,741		
15,755	18,708		
15,767	25,005		
15,78	21,856		
15,792	23,523		
15,804	19,819		
15,816	19,819		
15,828	19,819		
15,838	17,041		
15,851	14,447		
15,864	11,113		
15,877	17,781		
15,889	16,67		
15,902	20,375		
15,916	6,853		
15,926	10,558		
15,937	15,003		
15,947	21,301		
15,959	25,19		
15,97	22,042		
15,982	25,005		
15,995	33,34		
16,006	24,079		
16,018	15,929		
16,029	12,595		
16,04	7,409		
16,052	-4,075		
16,064	-6,853		
16,078	-4,26		
16,091	8,15		
16,105	17,781		
16,116	12,966		
16,13	10,743		
16,142	12,595		
16,157	12,595		
16,169	17,596		
16,183	13,892		
16,195	17,226		
16,209	17,041		
16,223	7,965		
16,235	14,077		
16,247	6,853		
16,259	-0,185		
16,27	1,667		
16,281	10,558		
16,292	3,519		
16,303	-7,594		
16,314	-0,741		
16,326	8,706		
16,337	5,371		
16,349	10,187		
16,36	12,225		
16,371	17,226		
16,383	19,448		
16,393	17,041		
16,404	8,335		
16,416	3,89		
16,428	7,965		
16,441	3,149		
16,453	15,374		
16,464	16,114		
16,475	14,633		
16,486	14,633		
16,497	20,375		
16,508	24,079		
16,52	17,411		
16,533	28,895		
16,544	26,117		
16,555	19,078		
16,567	16,114		
16,578	20,93		
16,59	22,597		
16,601	12,41		
16,613	2,778		
16,623	-0,37		
16,634	-5,557		
16,645	-4,445		
16,657	-4,075		
16,669	-14,447		
16,683	-6,853		
16,695	-1,111		
16,707	5,927		
16,719	6,112		
16,73	-2,408		
16,743	-5,371		
16,753	0,556		
16,767	7,224		
16,779	4,075		
16,791	5,371		
16,805	22,042		
16,817	22,042		
16,829	24,635		
16,84	20,56		
16,852	12,595		
16,863	4,445		
16,875	4,26		
16,887	2,037		
16,899	-3,334		
16,912	-0,37		
16,924	15,188		
16,937	-3,89		
16,95	-11,484		
16,963	3,704		
16,976	-4,075		
16,992	-7,409		
17,006	10,187		
17,019	25,005		
17,032	12,225		
17,044	-1,111		
17,056	12,595		
17,069	17,411		
17,081	6,112		
17,092	4,631		
17,103	8,706		
17,115	10,187		
17,128	24,264		
17,142	24,264		
17,153	17,041		
17,168	21,856		
17,18	23,523		
17,192	26,117		
17,204	30,747		
17,218	20,004		
17,232	25,376		
17,244	32,785		
17,258	26,302		
17,27	12,41		
17,284	20,375		
17,299	15,559		
17,312	19,263		
17,326	22,782		
17,337	22,042		
17,347	25,561		
17,357	34,266		
17,368	26,857		
17,38	18,708		
17,392	17,226		
17,404	21,671		
17,416	22,042		
17,427	11,669		
17,438	2,593		
17,449	5,371		
17,46	7,224		
17,472	7,224		
17,483	-3,149		
17,495	-2,408		
17,508	12,966		
17,521	20,93		
17,535	26,302		
17,548	5,927		
17,561	-4,816		
17,572	-9,817		
17,584	-10,373		
17,595	-4,445		
17,608	10,928		
17,619	18,893		
17,63	18,893		
17,642	20,004		
17,655	22,042		
17,668	11,113		
17,68	31,303		
17,691	28,339		
17,703	24,82		
17,716	22,597		
17,729	16,485		
17,742	0,926		
17,755	-6,112		
17,768	0,37		
17,779	6,298		
17,791	15,188		
17,802	12,41		
17,815	9,446		
17,826	6,668		
17,838	10,373		
17,849	20,93		
17,862	21,486		
17,873	24,449		
17,886	22,042		
17,896	17,596		
17,908	27,228		
17,92	22,782		
17,933	21,671		
17,947	15,374		
17,962	7,594		
17,976	5,371		
17,989	14,262		
18,003	8,891		
18,015	15,188		
18,026	8,335		
18,037	8,15		
18,049	16,114		
18,061	10,743		
18,073	7,594		
18,085	13,707		
18,096	7,594		
18,109	-0,926		
18,122	12,595		
18,133	12,595		
18,145	13,707		
18,157	12,41		
18,171	19,078		
18,183	20,004		
18,196	17,226		
18,207	14,447		
18,22	16,3		
18,233	11,854		
18,245	18,522		
18,259	16,855		
18,272	7,594		
18,284	15,929		
18,297	1,852		
18,311	7,594		
18,326	3,704		
18,34	-5,371		
18,353	2,223		
18,366	10,743		
18,379	-9,817		
18,392	-9,446		
18,404	-15,374		
18,418	-5,186		
18,43	25,005		
18,441	15,188		
18,452	17,781		
18,465	17,781		
18,478	17,967		
18,491	28,895		
18,505	20,745		
18,519	24,264		
18,531	16,67		
18,543	16,855		
18,555	19,819		
18,569	15,374		
18,584	5,742		
18,596	2,223		
18,608	-3,519		
18,622	4,816		
18,634	7,409		
18,649	13,707		
18,662	23,894		
18,677	13,151		
18,691	11,299		
18,703	15,003		
18,716	10,558		
18,729	10,187		
18,742	19,819		
18,755	16,67		
18,767	12,04		
18,78	9,632		
18,794	9,632		
18,806	16,114		
18,82	12,78		
18,834	9,817		
18,847	10,928		
18,857	12,966		
18,869	17,596		
18,881	13,707		
18,894	5,001		
18,907	-3,519		
18,919	-9,817		
18,934	-2,223		
18,948	11,484		
18,959	17,226		
18,971	15,744		
18,984	8,706		
18,996	14,077		
19,008	5,557		
19,02	-1,482		
19,032	2,593		
19,044	11,484		
19,056	15,559		
19,069	20,189		
19,081	14,077		
19,094	15,559		
19,107	16,114		
19,12	16,114		
19,133	16,67		
19,146	12,595		
19,159	5,001		
19,172	16,114		
19,184	24,449		
19,198	16,855		
19,21	14,447		
19,222	20,93		
19,232	22,227		
19,245	12,595		
19,259	7,409		
19,27	10,002		
19,283	15,188		
19,294	4,445		
19,306	11,484		
19,317	9,261		
19,329	1,297		
19,343	1,482		
19,356	4,816		
19,368	5,557		
19,378	-10,187		
19,39	-3,149		
19,402	0,556		
19,414	-2,964		
19,427	-6,853		
19,441	2,964		
19,454	9,817		
19,466	-1,852		
19,477	-9,632		
19,488	-17,596		
19,5	-28,524		
19,51	-29,636		
19,522	-24,82		
19,534	-29,821		
19,546	-21,301		
19,556	-10,187		
19,568	-10,187		
19,58	-19,078		
19,592	-22,412		
19,604	-21,115		
19,615	-13,707		
19,626	-2,593		
19,637	-4,445		
19,649	1,297		
19,66	1,667		
19,672	10,373		
19,683	2,408		
19,695	-0,37		
19,706	-4,445		
19,717	-3,704		
19,729	-7,965		
19,739	7,038		
19,75	-0,37		
19,761	-1,852		
19,771	-1,852		
19,782	-3,704		
19,794	-9,632		
19,805	-8,891		
19,819	-6,483		
19,832	-24,264		
19,845	-23,153		
19,858	-18,522		
19,869	-16,855		
19,881	-0,926		
19,892	-3,519		
19,904	-20,745		
19,918	-18,708		
19,93	-21,115		
19,942	-22,968		
19,954	-20,004		
19,968	-5,557		
19,98	3,704		
19,991	-2,037		
20,002	0,926		
20,013	6,298		
20,024	5,742		
20,035	-1,482		
20,047	1,482		
20,058	7,594		
