Posição (mm) - Plot 0	Força (N) - Plot 0	Posição (mm) - Plot 1	Força (N) - Plot 1
0	-5,557		
0	-12,78		
0,006	-5,371		
0,023	2,964		
0,04	-12,41		
0,051	-15,929		
0,069	-0,741		
0,08	7,965		
0,098	6,112		
0,108	15,003		
0,124	18,337		
0,141	27,043		
0,159	19,634		
0,17	18,522		
0,18	19,819		
0,192	23,894		
0,203	26,857		
0,214	34,822		
0,225	57,049		
0,241	66,495		
0,259	69,459		
0,269	48,714		
0,28	48,343		
0,29	54,641		
0,302	61,679		
0,313	70,014		
0,325	89,833		
0,345	108,911		
0,362	104,466		
0,373	105,577		
0,384	112,245		
0,4	127,248		
0,411	126,693		
0,423	123,914		
0,433	131,323		
0,451	134,657		
0,463	133,917		
0,473	136,324		
0,483	137,991		
0,496	148,549		
0,51	154,662		
0,53	171,887		
0,541	174,295		
0,553	183,186		
0,57	184,853		
0,58	184,853		
0,59	183,742		
0,601	197,448		
0,619	199,115		
0,63	201,153		
0,641	203,746		
0,652	211,155		
0,669	221,712		
0,681	218,193		
0,692	206,895		
0,702	198,189		
0,713	197,633		
0,723	208,747		
0,734	211,71		
0,746	236,716		
0,758	246,532		
0,781	242,828		
0,791	247,273		
0,801	243,569		
0,814	243,198		
0,824	256,534		
0,836	260,239		
0,849	254,127		
0,86	248,014		
0,871	252,645		
0,881	254,682		
0,893	254,312		
0,903	254,682		
0,915	260,98		
0,925	260,98		
0,936	265,61		
0,948	271,723		
0,959	272,278		
0,973	251,163		
0,984	238,938		
0,995	249,866		
1,005	254,497		
1,018	252,274		
1,03	252,46		
1,044	273,76		
1,056	283,577		
1,069	283,577		
1,08	290,43		
1,091	281,354		
1,103	273,76		
1,114	285,985		
1,127	296,543		
1,137	307,286		
1,151	298,765		
1,163	276,909		
1,174	276,909		
1,187	278,761		
1,198	281,354		
1,21	279,873		
1,222	270,611		
1,233	266,907		
1,244	284,133		
1,254	290,245		
1,266	287,467		
1,278	286,911		
1,29	287,652		
1,303	290,245		
1,317	288,578		
1,329	274,316		
1,34	281,169		
1,351	283,948		
1,363	260,239		
1,373	244,124		
1,385	240,42		
1,396	244,495		
1,407	252,83		
1,419	251,348		
1,433	259,868		
1,446	255,608		
1,457	247,829		
1,468	251,163		
1,48	254,312		
1,491	253,941		
1,503	253,941		
1,518	247,644		
1,53	246,532		
1,542	237,271		
1,555	229,862		
1,568	225,232		
1,581	238,753		
1,595	249,866		
1,607	250,052		
1,621	243,569		
1,632	247,273		
1,643	241,531		
1,653	235,419		
1,665	232,085		
1,679	216,711		
1,693	216,897		
1,706	214,303		
1,719	232,641		
1,73	224,676		
1,741	217,823		
1,752	216,341		
1,762	213,748		
1,775	212,266		
1,788	220,972		
1,8	239,123		
1,815	239,494		
1,828	239,494		
1,84	227,084		
1,851	218,378		
1,862	235,419		
1,873	240,42		
1,883	249,681		
1,895	243,569		
1,905	240,605		
1,917	227,084		
1,927	225,232		
1,937	226,899		
1,948	222,639		
1,959	227,64		
1,97	228,195		
1,98	228,751		
1,992	229,492		
2,002	231,714		
2,013	219,305		
2,024	214,303		
2,034	205,413		
2,045	200,412		
2,055	195,225		
2,067	187,817		
2,078	188,743		
2,09	188,002		
2,1	187,261		
2,111	192,262		
2,125	190,41		
2,138	199,115		
2,151	211,896		
2,163	205,228		
2,178	198,374		
2,192	182,63		
2,204	184,112		
2,217	176,888		
2,23	168,368		
2,244	175,036		
2,255	182,26		
2,266	182,445		
2,277	177,814		
2,288	176,333		
2,3	178,741		
2,311	175,407		
2,321	178,37		
2,332	180,778		
2,343	178,741		
2,354	172,443		
2,365	155,773		
2,375	161,515		
2,386	170,591		
2,397	169,665		
2,408	184,668		
2,42	186,335		
2,43	178,555		
2,443	174,666		
2,455	169,85		
2,466	161,515		
2,477	152,254		
2,487	146,512		
2,499	149,475		
2,51	148,734		
2,522	155,217		
2,535	166,701		
2,547	165,96		
2,558	152,624		
2,571	161,7		
2,583	161,885		
2,595	173,554		
2,606	178,37		
2,618	172,628		
2,628	168,368		
2,639	162,256		
2,65	154,662		
2,66	156,329		
2,671	160,218		
2,683	160,033		
2,693	165,775		
2,705	166,331		
2,716	162,811		
2,727	162,997		
2,737	171,146		
2,748	174,851		
2,759	173,184		
2,769	164,478		
2,78	149,29		
2,792	134,472		
2,803	138,918		
2,814	138,918		
2,824	138,732		
2,834	138,918		
2,845	140,77		
2,856	153,55		
2,867	156,514		
2,877	158,551		
2,889	165,405		
2,901	165,96		
2,913	165,219		
2,925	172,073		
2,937	171,887		
2,947	165,59		
2,962	162,626		
2,975	158,366		
2,989	149,105		
3,002	139,473		
3,015	141,14		
3,028	137,436		
3,039	130,212		
3,05	133,917		
3,062	165,96		
3,075	178,741		
3,085	176,703		
3,096	167,442		
3,108	160,589		
3,12	172,443		
3,135	167,442		
3,147	167,442		
3,158	165,405		
3,17	168,368		
3,181	168,183		
3,192	169,85		
3,204	162,811		
3,217	172,813		
3,231	174,666		
3,244	166,886		
3,256	170,591		
3,268	175,777		
3,279	166,701		
3,29	172,073		
3,301	175,036		
3,313	174,295		
3,324	170,22		
3,337	170,035		
3,349	163,367		
3,362	160,033		
3,374	153,55		
3,388	158,736		
3,4	170,406		
3,411	164,849		
3,422	164,664		
3,434	161,515		
3,446	142,807		
3,458	142,252		
3,469	141,325		
3,479	141,325		
3,494	150,587		
3,506	148,179		
3,519	156,329		
3,531	168,183		
3,544	181,519		
3,555	178,926		
3,567	179,667		
3,578	182,075		
3,59	193,929		
3,6	189,113		
3,613	180,778		
3,626	175,592		
3,636	181,889		
3,647	180,222		
3,659	184,483		
3,67	179,852		
3,681	168,739		
3,693	155,402		
3,704	150,957		
3,715	148,364		
3,725	152,809		
3,738	157,255		
3,748	162,441		
3,76	167,257		
3,772	164,849		
3,783	172,999		
3,796	167,072		
3,808	167,072		
3,821	154,847		
3,832	157,44		
3,843	163,738		
3,855	176,333		
3,866	177,074		
3,878	169,109		
3,89	160,589		
3,902	192,077		
3,915	193,929		
3,926	191,151		
3,938	181,519		
3,949	166,886		
3,96	155,958		
3,972	164,293		
3,983	181,704		
3,994	177,814		
4,006	173,554		
4,019	170,776		
4,032	160,774		
4,045	172,258		
4,058	169,665		
4,071	162,811		
4,083	170,22		
4,096	173,184		
4,108	180,963		
4,12	169,665		
4,131	169,665		
4,145	165,219		
4,159	181,519		
4,173	190,039		
4,186	194,855		
4,198	196,337		
4,211	193,373		
4,223	183,371		
4,234	193,003		
4,245	202,449		
4,256	198,374		
4,268	194,299		
4,279	193,373		
4,29	191,706		
4,302	184,297		
4,312	198,56		
4,325	199,115		
4,338	198,56		
4,35	196,522		
4,362	195,781		
4,376	191,521		
4,388	195,225		
4,399	193,558		
4,41	188,743		
4,421	187,076		
4,432	191,336		
4,442	198,93		
4,452	198,56		
4,463	198,56		
4,473	202,82		
4,484	200,967		
4,495	200,227		
4,506	198,56		
4,519	200,412		
4,53	190,224		
4,54	184,483		
4,551	193,188		
4,564	193,929		
4,577	200,597		
4,59	206,339		
4,602	209,302		
4,615	195,781		
4,627	198,004		
4,638	196,522		
4,649	203,561		
4,66	206,895		
4,671	208,006		
4,683	205,598		
4,694	202,264		
4,705	215,23		
4,716	217,267		
4,729	206,154		
4,742	211,155		
4,755	212,266		
4,768	210,229		
4,779	208,006		
4,79	208,006		
4,802	215,23		
4,812	211,896		
4,824	222,824		
4,837	225,232		
4,848	221,342		
4,859	211,34		
4,872	205,783		
4,883	193,188		
4,896	202,634		
4,909	219,86		
4,921	225,417		
4,935	231,529		
4,947	211,155		
4,96	214,303		
4,973	234,678		
4,987	238,197		
5	233,382		
5,013	228,38		
5,026	229,307		
5,037	233,567		
5,048	236,345		
5,06	238,012		
5,072	234,308		
5,084	241,531		
5,096	240,79		
5,108	238,383		
5,122	238,383		
5,134	217,267		
5,147	215,044		
5,16	216,711		
5,173	238,012		
5,186	244,495		
5,199	248,199		
5,212	245,606		
5,225	255,608		
5,238	258,201		
5,252	257,831		
5,264	256,905		
5,277	251,719		
5,29	239,679		
5,303	240,605		
5,315	251,533		
5,329	247,458		
5,341	252,274		
5,354	251,533		
5,367	255,794		
5,38	268,389		
5,394	271,908		
5,407	278,946		
5,42	268,759		
5,433	273,205		
5,447	273,205		
5,457	269,685		
5,468	261,535		
5,482	245,791		
5,495	254,127		
5,508	265,24		
5,522	272,464		
5,534	278,761		
5,546	280,058		
5,559	277,279		
5,571	278,576		
5,583	260,609		
5,595	266,537		
5,606	277,279		
5,617	287,096		
5,63	282,651		
5,641	272,464		
5,654	272,464		
5,666	284,318		
5,679	279,502		
5,692	284,133		
5,705	279,317		
5,718	283,577		
5,731	280,799		
5,744	275,983		
5,756	268,018		
5,769	257,831		
5,782	260,054		
5,794	261,535		
5,806	275,242		
5,816	287,096		
5,828	281,91		
5,84	279,873		
5,853	269,871		
5,865	278,391		
5,878	293,394		
5,89	293,209		
5,902	298,21		
5,915	296,913		
5,926	291,171		
5,939	275,427		
5,951	272,834		
5,964	292,097		
5,977	293,023		
5,99	293,394		
6,003	293,764		
6,016	276,909		
6,027	278,946		
6,038	274,316		
6,05	261,35		
6,061	261,535		
6,072	264,314		
6,084	263,202		
6,098	259,498		
6,111	262,276		
6,123	260,795		
6,136	237,086		
6,148	244,124		
6,159	238,568		
6,17	243,198		
6,181	242,272		
6,193	237,086		
6,205	241,717		
6,218	262,832		
6,232	273,575		
6,245	276,909		
6,26	280,243		
6,274	281,354		
6,286	266,351		
6,298	262,832		
6,311	275,612		
6,324	272,834		
6,335	273,019		
6,346	278,576		
6,357	272,649		
6,37	257,646		
6,381	254,682		
6,393	252,645		
6,404	259,498		
6,415	240,42		
6,426	240,42		
6,437	217,823		
6,449	195,781		
6,46	175,221		
6,471	176,888		
6,482	182,816		
6,493	173,554		
6,504	172,443		
6,516	157,255		
6,527	159,292		
6,54	152,254		
6,553	156,699		
6,566	158,181		
6,576	158,922		
6,587	152,624		
6,598	158,366		
6,609	171,332		
6,62	180,222		
6,631	191,706		
6,642	179,481		
6,653	173,74		
6,664	170,591		
6,675	165,96		
6,686	169,85		
6,697	182,26		
6,708	187,261		
6,719	186,15		
6,732	189,113		
6,744	186,52		
6,755	186,52		
6,766	193,744		
6,777	204,116		
6,79	202,449		
6,804	189,854		
6,818	179,111		
6,83	185,779		
6,842	179,852		
6,856	177,074		
6,869	194,299		
6,881	205,598		
6,894	213,192		
6,907	210,599		
6,92	204,487		
6,931	210,229		
6,942	223,009		
6,954	214,489		
6,965	215,415		
6,976	211,155		
6,987	213,007		
6,998	212,266		
7,009	209,117		
7,021	168,739		
7,031	59,642		
7,042	0		
7,053	-1,111		
7,064	-8,52		
7,074	-8,335		
7,085	-0,37		
7,096	-0,37		
7,107	14,447		
7,12	18,337		
7,133	13,336		
7,146	5,371		
7,159	6,668		
7,171	11,669		
7,184	27,228		
7,197	30,377		
7,207	34,266		
7,22	33,525		
7,231	26,672		
7,245	30,747		
7,258	21,856		
7,269	19,263		
7,28	25,005		
7,292	34,452		
7,304	32,229		
7,317	1,482		
7,33	-0,741		
7,344	5,557		
7,356	33,155		
7,368	42,972		
7,38	30,932		
7,391	22,042		
7,403	28,71		
7,415	35,933		
7,428	27,043		
7,441	13,151		
7,454	14,262		
7,468	20,93		
7,481	17,781		
7,493	18,337		
7,506	25,376		
7,521	30,562		
7,532	30,006		
7,543	29,451		
7,554	25,19		
7,566	40,008		
7,578	41,305		
7,589	32,97		
7,601	21,115		
7,614	3,704		
7,625	13,707		
7,636	22,412		
7,649	20,189		
7,662	15,188		
7,675	12,78		
7,686	27,413		
7,697	31,488		
7,708	27,413		
7,721	30,932		
7,732	35,007		
7,745	26,857		
7,758	11,854		
7,771	2,593		
7,785	-2,408		
7,796	17,596		
7,808	18,152		
7,819	30,006		
7,832	43,898		
7,845	38,897		
7,858	31,673		
7,87	33,525		
7,882	34,637		
7,893	34,637		
7,904	30,191		
7,917	32,414		
7,93	41,305		
7,942	36,859		
7,954	30,377		
7,966	26,117		
7,979	23,709		
7,991	25,19		
8,002	20,189		
8,014	8,335		
8,026	11,113		
8,037	31,303		
8,048	39,638		
8,061	35,007		
8,073	30,006		
8,085	20,745		
8,096	14,633		
8,108	6,853		
8,12	6,853		
8,134	10,558		
8,148	13,892		
8,161	11,113		
8,174	17,967		
8,187	20,93		
8,199	26,857		
8,21	28,524		
8,222	29,636		
8,236	20,375		
8,249	10,002		
8,261	14,077		
8,275	28,339		
8,287	27,969		
8,3	40,379		
8,312	48,899		
8,322	39,638		
8,335	33,34		
8,348	15,188		
8,361	14,818		
8,372	12,225		
8,384	12,225		
8,396	17,226		
8,409	17,226		
8,421	13,707		
8,434	27,598		
8,445	24,079		
8,457	22,968		
8,469	29,451		
8,482	34,822		
8,495	38,156		
8,506	42,416		
8,518	37,23		
8,528	31,673		
8,541	34,081		
8,553	37,23		
8,565	41,86		
8,575	45,009		
8,586	50,751		
8,598	47,602		
8,613	39,638		
8,625	36,859		
8,637	34,637		
8,651	27,784		
8,665	24,635		
8,676	22,782		
8,689	38,897		
8,703	40,934		
8,716	37,6		
8,728	34,081		
8,741	34,452		
8,754	34,637		
8,768	26,672		
8,781	14,633		
8,794	24,635		
8,81	32,97		
8,823	42,601		
8,835	37,415		
8,848	27,598		
8,861	25,19		
8,874	15,929		
8,886	20,189		
8,898	21,856		
8,909	13,336		
8,922	11,113		
8,935	30,377		
8,948	37,045		
8,96	45,38		
8,973	44,824		
8,984	41,675		
8,995	30,006		
9,008	29,265		
9,023	48,158		
9,035	49,084		
9,046	51,863		
9,06	51,863		
9,072	58,901		
9,085	48,714		
9,098	41,49		
9,108	35,007		
9,12	44,639		
9,13	51,307		
9,143	50,381		
9,157	45,38		
9,169	45,38		
9,182	31,673		
9,194	33,525		
9,208	51,307		
9,221	60,753		
9,232	47,973		
9,243	51,677		
9,254	56,678		
9,265	48,158		
9,277	39,267		
9,29	34,266		
9,301	25,19		
9,312	23,338		
9,324	33,525		
9,335	44,083		
9,347	41,12		
9,358	37,23		
9,371	45,195		
9,382	40,749		
9,395	40,749		
9,407	39,267		
9,419	37,786		
9,432	39,638		
9,445	38,526		
9,459	43,528		
9,472	39,823		
9,485	34,637		
9,498	34,081		
9,509	42,416		
9,521	39,823		
9,531	38,341		
9,543	40,564		
9,553	40,934		
9,566	39,267		
9,578	47,417		
9,588	46,306		
9,601	37,6		
9,614	39,638		
9,627	51,492		
9,64	50,936		
9,651	45,009		
9,662	43,157		
9,675	33,155		
9,687	42,231		
9,699	46,676		
9,711	52,789		
9,723	45,75		
9,735	42,046		
9,746	46,121		
9,758	53,9		
9,77	55,937		
9,781	53,159		
9,793	53,344		
9,806	51,492		
9,82	39,638		
9,833	33,525		
9,846	37,045		
9,859	47,232		
9,871	47,047		
9,884	39,082		
9,899	45,009		
9,912	55,937		
9,924	47,232		
9,937	40,379		
9,95	58,16		
9,963	62,235		
9,976	51,677		
9,988	45,38		
10,002	43,713		
10,015	29,636		
10,027	27,413		
10,038	46,306		
10,049	46,306		
10,06	55,011		
10,073	51,492		
10,086	40,564		
10,1	37,415		
10,111	24,82		
10,123	27,043		
10,134	28,895		
10,145	27,228		
10,157	30,191		
10,17	31,858		
10,184	41,305		
10,197	44,824		
10,21	40,749		
10,223	42,972		
10,236	40,934		
10,251	44,268		
10,263	45,38		
10,275	51,122		
10,287	53,9		
10,302	54,27		
10,315	47,417		
10,328	45,009		
10,339	44,824		
10,351	42,231		
10,361	48,714		
10,374	48,714		
10,385	42,046		
10,396	20,56		
10,41	19,634		
10,423	36,859		
10,434	48,343		
10,445	54,27		
10,458	54,456		
10,472	39,267		
10,485	32,97		
10,496	28,71		
10,509	32,97		
10,522	55,937		
10,534	54,456		
10,546	39,638		
10,557	33,155		
10,569	26,857		
10,58	24,449		
10,592	29,265		
10,605	37,415		
10,618	55,197		
10,631	54,085		
10,644	53,159		
10,657	41,305		
10,669	48,158		
10,681	52,974		
10,692	38,526		
10,704	38,526		
10,715	39,823		
10,726	50,751		
10,738	55,011		
10,751	49,64		
10,764	61,309		
10,775	66,31		
10,787	48,899		
10,8	38,712		
10,813	29,821		
10,826	22,968		
10,839	33,711		
10,852	44,824		
10,865	47,047		
10,877	52,048		
10,889	49,825		
10,9	56,493		
10,913	56,308		
10,924	52,789		
10,935	55,937		
10,947	57,419		
10,958	45,195		
10,97	50,936		
10,981	49,084		
10,992	49,084		
11,006	58,16		
11,021	59,642		
11,032	59,642		
11,043	56,308		
11,056	34,452		
11,068	45,195		
11,079	49,825		
11,09	42,231		
11,101	44,083		
11,114	42,787		
11,127	59,086		
11,138	65,754		
11,149	55,752		
11,161	55,197		
11,172	60,012		
11,184	52,048		
11,197	48,899		
11,209	35,378		
11,221	47,602		
11,233	52,233		
11,245	49,64		
11,257	46,676		
11,269	38,897		
11,28	45,009		
11,292	48,529		
11,303	42,416		
11,316	29,636		
11,329	31,673		
11,342	32,97		
11,354	32,97		
11,366	35,563		
11,377	41,86		
11,389	51,307		
11,4	55,011		
11,411	56,678		
11,422	50,381		
11,434	49,269		
11,444	59,457		
11,456	53,159		
11,467	53,159		
11,479	46,676		
11,489	47,602		
11,502	50,01		
11,512	57,049		
11,526	57,419		
11,54	47,047		
11,553	40,749		
11,567	38,712		
11,58	15,003		
11,592	19,448		
11,604	25,005		
11,616	24,264		
11,627	33,525		
11,638	40,934		
11,65	39,267		
11,662	37,6		
11,674	42,416		
11,684	42,416		
11,697	38,897		
11,709	38,156		
11,721	45,565		
11,733	51,677		
11,746	46,306		
11,759	42,972		
11,772	48,343		
11,786	35,933		
11,799	39,267		
11,812	33,896		
11,825	27,413		
11,838	15,929		
11,85	15,374		
11,863	22,227		
11,875	27,969		
11,886	41,49		
11,898	43,713		
11,911	37,6		
11,924	45,565		
11,934	51,677		
11,945	42,046		
11,957	30,562		
11,969	31,303		
11,982	17,967		
11,995	11,854		
12,009	21,856		
12,022	33,525		
12,036	22,968		
12,049	18,337		
12,061	31,303		
12,073	27,043		
12,085	23,894		
12,097	30,006		
12,11	34,452		
12,12	32,229		
12,132	32,785		
12,143	41,86		
12,155	40,934		
12,165	37,23		
12,177	33,711		
12,19	41,49		
12,204	37,971		
12,216	33,896		
12,229	36,489		
12,241	41,86		
12,252	43,157		
12,265	20,56		
12,276	21,486		
12,287	17,041		
12,3	26,117		
12,313	24,079		
12,326	12,966		
12,339	12,966		
12,354	23,523		
12,367	16,485		
12,38	37,6		
12,392	40,564		
12,406	33,34		
12,419	23,153		
12,435	28,71		
12,448	23,523		
12,461	23,338		
12,474	25,561		
12,486	17,596		
12,498	11,299		
12,51	13,707		
12,522	19,263		
12,535	10,187		
12,548	12,41		
12,561	21,301		
12,574	29,636		
12,588	24,449		
12,601	17,226		
12,613	8,706		
12,625	13,336		
12,64	27,784		
12,655	35,192		
12,668	35,192		
12,682	33,711		
12,697	29,451		
12,71	36,674		
12,723	34,452		
12,736	14,447		
12,748	10,373		
12,762	12,41		
12,774	21,486		
12,786	25,005		
12,797	17,781		
12,81	30,191		
12,822	30,562		
12,836	36,674		
12,847	35,563		
12,858	26,857		
12,871	3,519		
12,882	13,151		
12,893	24,449		
12,905	30,562		
12,918	24,449		
12,931	27,043		
12,944	24,079		
12,956	19,634		
12,968	15,929		
12,98	18,522		
12,992	27,784		
13,005	28,524		
13,018	32,414		
13,028	29,451		
13,04	28,895		
13,053	22,042		
13,066	17,411		
13,079	11,854		
13,091	6,483		
13,104	9,632		
13,117	31,488		
13,13	35,192		
13,143	28,895		
13,156	19,263		
13,169	6,668		
13,181	7,409		
13,194	19,078		
13,208	30,932		
13,22	23,523		
13,233	24,635		
13,248	23,523		
13,261	36,674		
13,273	30,377		
13,284	27,043		
13,295	20,56		
13,307	13,521		
13,32	7,779		
13,333	20,189		
13,345	28,895		
13,357	33,896		
13,37	30,191		
13,382	41,675		
13,393	40,749		
13,406	32,044		
13,419	25,561		
13,432	20,745		
13,444	11,854		
13,457	4,445		
13,47	10,743		
13,483	21,115		
13,495	13,336		
13,506	13,151		
13,519	24,82		
13,53	29,636		
13,541	28,524		
13,553	20,745		
13,566	30,747		
13,578	19,263		
13,589	7,038		
13,601	8,335		
13,614	16,855		
13,625	12,595		
13,636	14,818		
13,648	18,522		
13,659	31,673		
13,67	43,528		
13,681	30,006		
13,693	14,262		
13,704	6,483		
13,716	0,185		
13,726	4,816		
13,738	14,818		
13,749	27,784		
13,761	28,524		
13,772	34,081		
13,783	32,599		
13,794	38,156		
13,806	39,823		
13,816	33,525		
13,828	18,152		
13,838	13,892		
13,849	23,153		
13,861	26,672		
13,871	17,226		
13,883	-1,852		
13,896	20,189		
13,909	12,04		
13,921	10,928		
13,935	13,336		
13,948	17,226		
13,961	20,56		
13,974	15,374		
13,986	23,153		
14	31,673		
14,013	38,712		
14,027	36,674		
14,039	26,672		
14,052	27,413		
14,065	32,414		
14,076	36,119		
14,088	42,416		
14,1	34,822		
14,111	24,635		
14,123	12,225		
14,135	13,521		
14,146	23,523		
14,157	27,969		
14,168	39,082		
14,18	36,304		
14,191	39,267		
14,202	27,784		
14,213	23,523		
14,225	17,226		
14,236	21,856		
14,247	20,56		
14,258	14,077		
14,269	13,521		
14,28	24,635		
14,291	30,562		
14,303	25,376		
14,315	18,337		
14,326	20,375		
14,339	17,967		
14,353	20,93		
14,367	25,931		
14,382	32,229		
14,395	35,933		
14,408	33,34		
14,421	32,785		
14,434	41,86		
14,447	27,969		
14,46	16,855		
14,473	13,151		
14,486	2,037		
14,498	10,558		
14,512	20,375		
14,525	29,451		
14,538	22,968		
14,55	21,486		
14,561	27,598		
14,572	30,932		
14,584	35,192		
14,595	30,562		
14,609	25,005		
14,622	22,412		
14,635	22,412		
14,649	21,115		
14,662	32,599		
14,675	32,97		
14,687	28,154		
14,7	27,784		
14,712	32,044		
14,723	34,081		
14,735	38,156		
14,746	32,785		
14,759	32,229		
14,772	29,821		
14,785	21,671		
14,798	35,378		
14,812	35,563		
14,823	34,081		
14,836	31,118		
14,85	41,86		
14,863	34,637		
14,876	13,521		
14,889	-2,593		
14,902	4,631		
14,913	6,853		
14,925	2,778		
14,937	7,038		
14,948	10,002		
14,96	20,004		
14,972	13,521		
14,985	-0,926		
14,996	-2,223		
15,007	7,409		
15,019	16,3		
15,031	25,005		
15,042	23,709		
15,055	25,376		
15,066	34,637		
15,077	36,489		
15,089	32,414		
15,102	37,6		
15,115	21,856		
15,128	26,302		
15,14	31,118		
15,152	38,712		
15,162	42,787		
15,175	37,045		
15,188	23,153		
15,2	22,227		
15,211	28,524		
15,223	32,599		
15,235	31,488		
15,246	28,339		
15,259	38,897		
15,272	31,488		
15,283	27,598		
15,295	27,598		
15,306	24,635		
15,319	10,928		
15,331	7,409		
15,342	14,262		
15,354	10,558		
15,367	7,224		
15,38	24,079		
15,393	40,749		
15,405	43,157		
15,418	36,119		
15,431	35,378		
15,444	28,71		
15,458	31,673		
15,47	27,598		
15,482	14,818		
15,492	14,262		
15,506	10,928		
15,521	1,482		
15,533	2,408		
15,545	5,186		
15,558	9,446		
15,572	18,893		
15,584	24,635		
15,597	2,778		
15,61	7,409		
15,622	7,409		
15,633	19,448		
15,645	16,485		
15,656	13,892		
15,669	34,822		
15,682	41,86		
15,695	47,047		
15,707	33,155		
15,719	23,338		
15,731	34,081		
15,744	40,379		
15,757	35,007		
15,77	36,674		
15,783	24,264		
15,796	17,041		
15,807	20,745		
15,818	24,82		
15,83	19,078		
15,841	8,52		
15,852	10,743		
15,864	13,151		
15,877	22,042		
15,887	30,747		
15,9	30,191		
15,913	18,522		
15,926	9,632		
15,94	18,893		
15,953	18,893		
15,966	4,631		
15,979	-2,778		
15,992	1,297		
16,005	1,852		
16,018	6,483		
16,029	9,632		
16,04	25,931		
16,05	36,304		
16,061	33,525		
16,073	18,522		
16,085	16,3		
16,098	25,561		
16,108	13,336		
16,119	10,187		
16,131	15,374		
16,148	16,3		
16,162	21,856		
16,174	29,08		
16,187	18,522		
16,201	24,264		
16,213	32,044		
16,226	31,303		
16,238	14,633		
16,249	6,298		
16,261	12,78		
16,274	21,115		
16,285	20,56		
16,297	20,004		
16,308	14,633		
16,32	7,409		
16,332	8,15		
16,343	11,854		
16,354	12,225		
16,365	25,005		
16,377	34,266		
16,39	43,713		
16,401	51,122		
16,412	38,156		
16,424	28,71		
16,436	19,634		
16,448	19,819		
16,46	26,117		
16,473	15,744		
16,483	10,002		
16,495	14,262		
16,509	30,377		
16,522	29,451		
16,535	21,301		
16,547	20,93		
16,561	10,558		
16,573	8,706		
16,585	2,037		
16,599	7,779		
16,61	8,891		
16,621	8,15		
16,633	27,598		
16,643	31,118		
16,655	30,932		
16,666	34,822		
16,677	23,153		
16,691	36,119		
16,704	32,785		
16,72	24,079		
16,733	26,117		
16,746	22,968		
16,759	19,634		
16,771	27,784		
16,785	23,153		
16,797	27,228		
16,81	28,524		
16,822	30,191		
16,832	28,339		
16,844	26,672		
16,857	29,08		
16,87	14,447		
16,885	5,927		
16,898	26,857		
16,91	31,118		
16,923	37,6		
16,936	35,007		
16,949	33,711		
16,962	37,23		
16,976	38,897		
16,989	42,787		
17,002	46,121		
17,014	41,675		
17,026	39,638		
17,04	39,082		
17,052	33,525		
17,066	30,191		
17,08	22,968		
17,091	35,748		
17,104	22,597		
17,117	31,118		
17,13	43,342		
17,142	45,565		
17,154	34,822		
17,165	38,897		
17,176	37,415		
17,189	33,896		
17,201	31,673		
17,215	37,971		
17,227	45,195		
17,238	44,083		
17,25	33,711		
17,264	35,933		
17,276	30,932		
17,29	29,08		
17,302	36,489		
17,316	39,267		
17,328	29,821		
17,341	33,525		
17,355	24,264		
17,367	23,523		
17,38	28,154		
17,392	28,339		
17,402	28,524		
17,416	23,894		
17,43	13,151		
17,442	20,004		
17,457	30,191		
17,468	30,747		
17,48	29,636		
17,492	28,524		
17,506	34,452		
17,517	39,267		
17,528	40,934		
17,54	45,38		
17,552	45,75		
17,564	28,339		
17,576	21,486		
17,588	21,115		
17,601	21,115		
17,613	23,709		
17,625	25,931		
17,64	31,303		
17,653	41,49		
17,666	32,599		
17,679	15,559		
17,692	16,855		
17,703	11,113		
17,715	14,262		
17,726	19,819		
17,737	31,118		
17,748	39,823		
17,759	41,12		
17,772	40,193		
17,784	45,195		
17,796	46,862		
17,806	35,748		
17,818	33,711		
17,83	36,859		
17,841	40,934		
17,852	28,895		
17,863	18,152		
17,874	19,819		
17,886	21,671		
17,896	30,562		
17,907	40,379		
17,919	44,083		
17,931	44,083		
17,944	33,155		
17,957	38,341		
17,969	34,266		
17,98	38,526		
17,991	45,195		
18,003	43,898		
18,015	53,9		
18,025	56,493		
18,036	53,53		
18,047	58,16		
18,058	51,677		
18,07	50,936		
18,083	62,42		
18,096	41,305		
18,107	27,228		
18,119	17,967		
18,131	19,263		
18,142	26,487		
18,153	33,34		
18,166	25,005		
18,18	25,931		
18,195	35,192		
18,209	44,639		
18,222	49,269		
18,235	54,456		
18,247	51,122		
18,261	51,122		
18,273	44,083		
18,287	45,935		
18,297	46,676		
18,308	39,267		
18,322	37,971		
18,334	37,6		
18,347	34,266		
18,361	26,857		
18,373	43,157		
18,388	44,083		
18,401	43,528		
18,413	46,862		
18,427	51,307		
18,441	46,121		
18,452	44,454		
18,465	38,526		
18,478	39,638		
18,493	42,787		
18,506	54,456		
18,518	47,973		
18,53	44,824		
18,544	43,898		
18,558	28,154		
18,57	28,895		
18,583	28,895		
18,599	38,156		
18,613	44,639		
18,625	45,009		
18,638	52,789		
18,651	64,458		
18,663	58,531		
18,674	53,715		
18,686	52,789		
18,698	55,937		
18,71	52,789		
18,724	58,16		
18,737	59,642		
18,749	47,973		
18,76	42,972		
18,771	34,081		
18,782	42,787		
18,794	40,379		
18,806	37,23		
18,817	32,414		
18,828	51,863		
18,841	52,974		
18,852	48,714		
18,864	47,788		
18,876	35,007		
18,888	42,787		
18,899	46,862		
18,912	46,862		
18,924	49,64		
18,936	58,345		
18,947	51,307		
18,959	38,526		
18,972	29,451		
18,986	32,044		
18,997	33,896		
19,011	38,156		
19,024	44,083		
19,037	50,381		
19,048	59,271		
19,059	55,011		
19,071	63,161		
19,084	56,864		
19,095	56,493		
19,107	63,161		
19,117	68,903		
19,128	64,273		
19,142	65,94		
19,156	54,456		
19,169	51,492		
19,181	52,789		
19,195	46,491		
19,207	46,491		
19,224	54,27		
19,238	54,27		
19,251	58,531		
19,263	61,679		
19,276	68,162		
19,288	52,233		
19,302	59,271		
19,314	61,124		
19,328	57,604		
19,34	62,976		
19,352	59,086		
19,363	54,456		
19,377	56,678		
19,39	55,752		
19,402	58,716		
19,416	60,939		
19,429	45,935		
19,44	46,862		
19,451	50,01		
19,463	61,124		
19,476	62,235		
19,488	54,456		
19,502	50,01		
19,515	57,79		
19,529	66,31		
19,541	62,791		
19,555	60,939		
19,567	60,939		
19,579	59,086		
19,59	63,161		
19,602	59,086		
19,613	53,344		
19,625	53,715		
19,638	53,53		
19,651	44,639		
19,664	31,488		
19,676	35,933		
19,689	49,455		
19,701	54,085		
19,713	51,677		
19,724	57,975		
19,736	70,755		
19,748	72,052		
19,76	70,941		
19,771	53,159		
19,782	47,417		
19,794	52,603		
19,806	42,046		
19,819	53,53		
19,83	62,05		
19,841	61,679		
19,852	57,79		
19,865	70,2		
19,878	76,497		
19,892	75,201		
19,904	82,239		
19,917	71,311		
19,93	72,608		
19,942	81,313		
19,953	79,09		
19,965	72,422		
19,98	65,569		
19,993	65,754		
20,006	60,753		
20,02	60,198		
20,032	70,941		
20,046	81,684		
20,058	72,978		
20,072	62,42		
20,084	63,902		
20,097	75,756		
20,11	82,98		
20,122	84,277		
20,136	83,165		
20,148	85,388		
20,162	77,979		
20,174	89,463		
20,186	87,981		
20,197	72,422		
20,21	78,535		
20,223	78,535		
20,237	68,162		
20,25	53,53		
20,262	55,567		
20,274	46,676		
20,287	51,122		
20,297	57,049		
20,309	43,157		
20,321	47,232		
20,332	52,603		
20,344	51,492		
20,356	51,863		
20,369	66,68		
20,38	77,609		
20,392	80,757		
20,404	75,756		
20,418	67,051		
20,43	59,086		
20,443	53,53		
20,455	49,64		
20,468	51,122		
20,48	57,419		
20,491	62,791		
20,503	70,385		
20,515	71,126		
20,527	83,536		
20,539	74,275		
20,55	74,275		
20,561	76,497		
20,572	78,35		
20,583	85,388		
20,594	84,277		
20,605	79,09		
20,618	63,717		
20,632	69,459		
20,647	77,423		
20,66	88,907		
20,672	79,831		
20,684	80,202		
20,696	85,388		
20,709	89,278		
20,72	75,756		
20,733	70,941		
20,745	86,499		
20,758	96,501		
20,77	88,537		
20,782	67,977		
20,794	61,494		
20,808	52,789		
20,822	54,27		
20,833	75,386		
20,846	72,793		
20,858	61,309		
20,872	62,235		
20,884	66,68		
20,897	74,83		
20,91	77,794		
20,924	87,611		
20,937	60,753		
20,95	62,05		
20,962	70,014		
20,974	73,534		
20,985	73,904		
20,996	79,276		
21,009	91,13		
21,02	88,352		
21,032	87,796		
21,043	97,242		
21,054	99,28		
21,067	93,167		
21,078	83,906		
21,089	72,422		
21,102	66,68		
21,116	66,866		
21,126	70,57		
21,137	75,942		
21,148	77,979		
21,159	74,46		
21,172	86,129		
21,185	70,385		
21,198	65,384		
21,21	65,384		
21,224	64,087		
21,238	73,163		
21,25	84,832		
21,262	92,056		
21,274	89,278		
21,288	92,797		
21,302	86,129		
21,316	91,315		
21,328	91,686		
21,341	98,539		
21,354	95,39		
21,366	84,462		
21,378	78,72		
21,391	78,905		
21,402	89,463		
21,413	92,056		
21,424	87,425		
21,437	88,352		
21,45	88,722		
21,463	91,5		
21,476	85,758		
21,489	72,422		
21,502	67,236		
21,515	67,607		
21,527	64,828		
21,538	64,828		
21,55	83,536		
21,562	88,722		
21,576	97,983		
21,588	92,797		
21,601	87,981		
21,613	101,132		
21,625	105,207		
21,637	98,354		
21,65	105,022		
21,662	99,28		
21,675	83,906		
21,686	75,386		
21,698	84,462		
21,709	89,278		
21,72	79,276		
21,731	73,904		
21,742	65,013		
21,753	62,976		
21,765	96,316		
21,778	103,355		
21,79	100,021		
21,801	98,168		
21,812	99,28		
21,823	100,206		
21,834	92,982		
21,846	87,055		
21,857	77,609		
21,869	97,798		
21,88	98,724		
21,891	87,425		
21,902	80,017		
21,913	82,61		
21,924	91,686		
21,935	100,206		
21,946	100,576		
21,957	88,722		
21,968	90,389		
21,98	74,83		
21,991	76,868		
22,003	82,424		
22,015	98,168		
22,025	106,874		
22,035	105,392		
22,046	106,503		
22,056	105,577		
22,067	103,169		
22,078	101,873		
22,091	94,649		
22,105	73,904		
22,117	82,424		
22,129	96,316		
22,14	97,798		
22,151	94,649		
22,162	94,649		
22,174	88,722		
22,186	88,722		
22,198	86,87		
22,211	82,61		
22,224	80,017		
22,236	78,72		
22,25	95,39		
22,262	100,021		
22,276	102,799		
22,288	87,24		
22,301	88,722		
22,314	85,388		
22,326	80,757		
22,338	82,239		
22,349	78,72		
22,361	88,537		
22,374	99,835		
22,388	97,242		
22,401	102,429		
22,414	100,021		
22,427	101,502		
22,439	110,764		
22,451	116,876		
22,462	108,17		
22,473	104,651		
22,485	104,281		
22,498	100,947		
22,509	88,166		
22,521	88,166		
22,532	89,833		
22,543	100,762		
22,556	117,432		
22,569	119,469		
22,581	116,691		
22,593	116,135		
22,605	124,285		
22,616	118,543		
22,628	113,727		
22,64	117,432		
22,651	119,84		
22,663	105,577		
22,674	95,761		
22,686	114,653		
22,698	125,396		
22,71	117,246		
22,724	106,133		
22,736	101,317		
22,75	126,508		
22,764	113,727		
22,777	111,504		
22,79	114,468		
22,804	113,357		
22,821	103,355		
22,834	110,208		
22,846	110,208		
22,86	110,578		
22,873	119,469		
22,886	126,137		
22,899	131,509		
22,913	126,878		
22,924	126,508		
22,936	123,914		
22,948	134,102		
22,961	139,658		
22,972	138,732		
22,983	131,509		
22,997	127,063		
23,011	116,32		
23,024	115,579		
23,037	142,066		
23,048	126,693		
23,061	119,284		
23,073	122,988		
23,085	119,284		
23,098	145,4		
23,11	139,288		
23,123	146,327		
23,134	142,066		
23,147	123,544		
23,159	117,432		
23,171	118,543		
23,184	122,803		
23,197	124,841		
23,208	118,173		
23,22	115,765		
23,233	128,73		
23,246	130,583		
23,263	127,063		
23,276	118,728		
23,289	114,839		
23,301	118,358		
23,314	140,214		
23,326	143,733		
23,338	145,586		
23,349	141,14		
23,363	125,767		
23,376	138,362		
23,389	142,066		
23,401	136,51		
23,413	138,547		
23,425	139,288		
23,436	146,141		
23,448	150,957		
23,46	156,329		
23,471	150,216		
23,483	148,364		
23,496	141,325		
23,509	134,657		
23,521	147,623		
23,534	153,365		
23,547	154,662		
23,559	150,401		
23,57	157,996		
23,582	167,072		
23,594	157,255		
23,607	160,589		
23,619	168,368		
23,63	166,331		
23,64	153,18		
23,653	139,844		
23,665	135,954		
23,676	133,176		
23,689	140,029		
23,702	143,919		
23,715	157,44		
23,727	165,775		
23,739	168,553		
23,75	170,22		
23,763	162,07		
23,776	167,442		
23,79	175,777		
23,801	171,517		
23,812	174,666		
23,825	176,518		
23,837	167,998		
23,849	152,624		
23,862	147,067		
23,874	145,956		
23,887	151,698		
23,9	153,18		
23,911	148,92		
23,923	139,288		
23,933	143,178		
23,945	161,144		
23,956	169,665		
23,97	153,55		
23,983	146,697		
23,997	146,141		
24,012	171,146		
24,025	163,367		
24,036	156,329		
24,047	151,328		
24,061	183,556		
24,073	194,114		
24,087	186,335		
24,099	178,185		
24,113	187,261		
24,128	187,631		
24,14	187,817		
24,152	172,073		
24,164	166,145		
24,177	164,478		
24,187	161,515		
24,199	177,074		
24,21	193,929		
24,222	192,077		
24,234	184,668		
24,245	180,408		
24,256	182,63		
24,268	181,149		
24,279	176,147		
24,291	169,294		
24,302	166,331		
24,314	159,477		
24,328	163,923		
24,34	162,997		
24,351	175,407		
24,364	182,445		
24,378	188,557		
24,39	178,926		
24,402	176,333		
24,414	185,409		
24,425	185,964		
24,437	190,039		
24,448	193,003		
24,459	186,15		
24,471	190,78		
24,483	190,78		
24,495	186,705		
24,508	190,039		
24,518	182,445		
24,53	174,11		
24,543	196,152		
24,556	192,632		
24,569	194,114		
24,581	199,486		
24,594	209,302		
24,607	206,895		
24,618	202,634		
24,629	207,821		
24,64	207,265		
24,652	211,896		
24,664	210,969		
24,677	214,859		
24,687	216,341		
24,698	216,156		
24,71	216,526		
24,722	228,01		
24,733	219,305		
24,744	212,451		
24,756	203,375		
24,767	201,153		
24,777	198,745		
24,788	193,003		
24,799	198,56		
24,811	198,56		
24,823	202,079		
24,834	213,748		
24,846	215,23		
24,857	230,974		
24,868	230,047		
24,881	223,75		
24,895	226,343		
24,909	231,714		
24,922	238,938		
24,934	239,309		
24,949	241,902		
24,962	238,197		
24,974	245,606		
24,986	235,049		
24,997	228,195		
25,009	228,751		
25,02	235,049		
25,032	238,938		
25,043	237,086		
25,055	245,236		
25,067	237,086		
25,079	231,159		
25,091	223,935		
25,102	228,751		
25,114	236,16		
25,125	233,752		
25,137	237,271		
25,147	239,679		
25,158	238,568		
25,169	239,494		
25,18	238,753		
25,191	248,57		
25,202	245,051		
25,213	249,496		
25,225	252,089		
25,236	246,903		
25,247	243,754		
25,259	240,05		
25,27	257,275		
25,283	258,942		
25,295	264,314		
25,306	254,312		
25,317	243,013		
25,329	246,347		
25,341	270,797		
25,352	264,314		
25,364	259,498		
25,377	258,942		
25,39	260,609		
25,401	263,573		
25,413	256,534		
25,425	245,051		
25,439	248,199		
25,451	250,422		
25,464	245,051		
25,477	245,421		
25,49	261,35		
25,502	256,72		
25,512	248,94		
25,523	254,497		
25,536	269,315		
25,549	278,946		
25,563	290,616		
25,575	298,21		
25,587	293,95		
25,601	291,912		
25,611	304,322		
25,624	302,285		
25,637	294,876		
25,649	287,282		
25,663	293,209		
25,675	295,431		
25,689	298,58		
25,704	288,022		
25,718	277,65		
25,73	290,616		
25,744	305,804		
25,756	309,323		
25,77	314,139		
25,782	308,212		
25,796	308,212		
25,806	308,767		
25,819	304,878		
25,828	298,58		
25,84	286,541		
25,855	296,543		
25,869	297,839		
25,881	296,172		
25,893	302,47		
25,905	312,842		
25,918	320,622		
25,933	320,992		
25,944	318,77		
25,954	307,471		
25,965	303,581		
25,977	304,878		
25,989	304,507		
26,002	321,177		
26,015	336,736		
26,026	345,071		
26,038	347,664		
26,049	322,474		
26,059	328,772		
26,07	337,662		
26,082	343,219		
26,095	348,776		
26,107	343,775		
26,121	336,736		
26,135	339,144		
26,148	334,513		
26,16	338,588		
26,174	326,919		
26,186	337,848		
26,2	343,589		
26,212	348,59		
26,224	362,482		
26,235	366,928		
26,248	367,668		
26,259	358,593		
26,27	358,222		
26,282	366,928		
26,294	371,188		
26,305	376,744		
26,317	364,89		
26,328	370,447		
26,339	377,115		
26,351	376,744		
26,361	375,448		
26,375	367,113		
26,387	354,332		
26,4	353,592		
26,415	350,072		
26,427	355,999		
26,441	377,856		
26,454	377,856		
26,467	375,633		
26,482	364,334		
26,495	363,038		
26,509	376,744		
26,521	401,935		
26,534	393,97		
26,545	396,008		
26,556	388,043		
26,568	390,451		
26,579	394,896		
26,59	388,969		
26,602	384,709		
26,614	373,966		
26,627	277,65		
26,639	210,784		
26,651	208,191		
26,663	200,041		
26,677	197,819		
26,689	202,079		
26,701	210,969		
26,715	216,711		
26,726	230,974		
26,737	239,494		
26,748	238,938		
26,759	243,198		
26,77	251,163		
26,783	251,163		
26,794	244,68		
26,806	240,235		
26,82	224,676		
26,831	218,749		
26,842	215,23		
26,854	224,306		
26,867	230,233		
26,88	214,674		
26,893	211,71		
26,907	207,45		
26,919	222,824		
26,933	241,902		
26,944	241,717		
26,954	238,753		
26,966	248,385		
26,977	256,72		
26,989	257,275		
27,003	252,645		
27,015	216,711		
27,026	104,096		
27,041	7,594		
27,055	-15,374		
27,068	-17,411		
27,082	-21,856		
27,097	-9,076		
27,11	-9,076		
27,122	-14,447		
27,135	-15,559		
27,148	-10,743		
27,162	-12,966		
27,174	-19,263		
27,188	-18,337		
27,2	-18,152		
27,212	-28,154		
27,224	-34,452		
27,236	-25,561		
27,249	-15,188		
27,263	-10,373		
27,276	-10,002		
27,288	-10,743		
27,302	-4,445		
27,314	-6,112		
27,328	-7,779		
27,34	-13,707		
27,353	-8,15		
27,364	-4,816		
27,376	-13,521		
27,387	-12,41		
27,399	-8,15		
27,41	-10,743		
27,421	-14,077		
27,432	-17,781		
27,444	-15,374		
27,457	-7,038		
27,47	-25,931		
27,483	-35,563		
27,496	-37,415		
27,509	-33,34		
27,521	-35,378		
27,532	-30,191		
27,543	-21,115		
27,555	-3,704		
27,568	-6,483		
27,58	-5,927		
27,591	-9,261		
27,602	-10,187		
27,615	0,741		
27,628	-12,225		
27,639	-16,3		
27,651	-26,117		
27,664	-30,562		
27,677	-22,227		
27,69	-18,152		
27,703	-33,155		
27,716	-29,08		
27,73	-21,671		
27,742	-29,265		
27,755	-12,41		
27,767	-12,41		
27,777	-10,928		
27,791	-18,337		
27,803	-20,189		
27,816	-15,003		
27,829	-19,448		
27,843	-17,226		
27,856	-8,52		
27,869	-5,557		
27,883	-8,335		
27,896	-0,741		
27,91	-7,779		
27,922	-15,003		
27,933	-28,154		
27,945	-30,191		
27,956	-27,969		
27,968	-16,114		
27,979	-10,187		
27,99	-4,816		
28	-9,261		
28,012	-8,706		
28,025	-4,631		
28,039	-30,562		
28,052	-39,453		
28,069	-26,302		
28,082	-14,818		
28,095	-14,818		
28,108	-24,264		
28,121	-17,781		
28,134	-8,335		
28,145	-19,078		
28,155	-20,189		
28,166	-12,04		
28,179	-13,151		
28,191	-5,742		
28,203	-6,668		
28,215	-20,56		
28,227	-25,561		
28,238	-27,784		
28,252	-19,078		
28,265	-13,336		
28,277	-17,596		
28,291	-25,005		
28,303	-22,412		
28,316	-13,336		
28,329	0,37		
28,341	-2,964		
28,354	-8,15		
28,367	-11,669		
28,38	-19,263		
28,392	-28,339		
28,404	-35,378		
28,419	-25,376		
28,43	-14,633		
28,442	-21,671		
28,457	-21,301		
28,471	-28,524		
28,483	-30,747		
28,496	-29,265		
28,509	-27,228		
28,523	-20,189		
28,534	-21,486		
28,545	-34,452		
28,557	-35,563		
28,569	-39,267		
28,58	-39,082		
28,591	-35,933		
28,604	-34,822		
28,616	-38,712		
28,628	-36,119		
28,64	-32,229		
28,651	-36,859		
28,664	-17,041		
28,675	-18,893		
28,686	-36,489		
28,7	-37,786		
28,713	-29,451		
28,727	-22,597		
28,74	-19,819		
28,752	-19,819		
28,766	-14,077		
28,779	-8,335		
28,791	-8,335		
28,803	-17,967		
28,817	-41,305		
28,831	-38,341		
28,841	-35,192		
28,852	-30,932		
28,863	-31,858		
28,875	-27,784		
28,885	-16,3		
28,896	-4,445		
28,907	-19,263		
28,919	-26,857		
28,932	-28,895		
28,944	-23,153		
28,956	-12,41		
28,967	-5,186		
28,978	-0,185		
28,989	1,852		
29	-2,593		
29,011	-12,78		
29,022	-18,522		
29,035	-15,929		
29,046	-17,596		
29,057	-22,412		
29,069	-17,596		
29,081	-17,596		
29,093	-4,26		
29,104	-4,075		
29,114	-5,371		
29,125	-11,113		
29,137	-15,559		
29,148	-18,152		
29,16	-16,855		
29,173	-23,894		
29,186	-26,672		
29,197	-26,117		
29,209	-40,749		
29,22	-46,491		
29,231	-47,788		
29,242	-35,563		
29,253	-22,412		
29,265	-18,337		
29,276	-11,484		
29,287	-10,743		
29,299	-11,484		
29,311	-14,262		
29,323	-15,559		
29,335	-3,334		
29,349	-6,298		
29,362	-21,301		
29,373	-17,041		
29,386	-9,817		
29,397	-14,262		
29,408	-14,262		
29,42	-7,965		
29,433	-5,186		
29,446	-8,335		
29,458	-16,67		
29,47	-30,377		
29,481	-47,047		
29,492	-18,152		
29,503	-9,446		
29,515	-13,336		
29,526	-10,743		
29,537	-14,818		
29,549	-11,669		
29,561	-7,965		
29,574	-8,891		
29,587	-12,595		
29,599	-10,743		
29,611	-13,521		
29,625	-14,262		
29,637	-12,595		
29,648	-12,225		
29,66	-5,742		
29,672	-12,225		
29,683	-14,633		
29,694	-13,151		
29,705	-8,52		
29,718	-25,19		
29,73	-25,19		
29,741	-20,56		
29,753	-5,186		
29,766	-13,892		
29,779	-25,746		
29,791	-43,157		
29,803	-38,341		
29,814	-20,56		
29,826	-20,004		
29,84	-21,671		
29,852	-24,449		
29,866	-23,338		
29,88	-20,745		
29,892	-22,968		
29,904	-25,376		
29,918	-23,709		
29,931	-32,599		
29,944	-17,041		
29,956	-16,855		
29,971	-12,78		
29,984	-13,892		
29,995	-19,078		
30,008	-18,708		
30,02	-16,67		
30,03	-14,262		
30,042	-8,15		
30,055	-10,928		
30,069	-13,707		
30,082	-17,226		
30,096	-20,004		
30,108	-37,786		
30,122	-34,081		
30,134	-25,376		
30,145	-18,337		
30,157	-20,56		
30,171	-24,635		
30,184	-25,931		
30,197	-25,19		
30,21	-28,524		
30,224	-31,488		
30,236	-36,119		
30,249	-40,008		
30,262	-19,819		
30,275	-28,71		
30,287	-35,748		
30,299	-40,934		
30,311	-37,971		
30,326	-36,674		
30,34	-32,414		
30,352	-33,896		
30,366	-25,376		
30,379	-25,561		
30,392	-25,561		
30,405	-16,67		
30,418	-24,449		
30,431	-26,857		
30,443	-26,302		
30,454	-27,228		
30,465	-27,413		
30,477	-17,781		
30,489	-21,115		
30,5	-18,337		
30,512	-15,003		
30,525	-22,968		
30,538	-22,042		
30,549	-34,822		
30,564	-19,263		
30,578	-17,411		
30,591	-20,004		
30,605	-16,485		
30,617	-13,892		
30,63	-20,189		
30,643	-24,449		
30,657	-23,338		
30,671	-19,078		
30,683	-21,856		
30,696	-25,005		
30,709	-22,597		
30,721	-26,857		
30,735	-35,007		
30,746	-36,489		
30,758	-41,12		
30,77	-38,526		
30,783	-35,933		
30,797	-17,226		
30,809	-30,747		
30,822	-44,268		
30,835	-42,601		
30,848	-39,823		
30,861	-26,672		
30,873	-26,857		
30,885	-34,452		
30,896	-32,785		
30,909	-35,563		
30,922	-37,415		
30,935	-32,414		
30,949	-18,893		
30,962	-25,005		
30,974	-17,596		
30,988	-16,855		
31,001	-12,41		
31,013	-21,486		
31,024	-33,155		
31,035	-25,19		
31,047	-22,968		
31,058	-22,968		
31,07	-46,491		
31,082	-42,416		
31,095	-29,08		
31,105	-11,113		
31,117	-11,113		
31,134	-13,151		
31,147	-10,187		
31,16	-15,188		
31,174	-19,819		
31,187	-11,299		
31,2	-11,299		
31,212	-2,964		
31,225	-2,037		
31,238	-26,487		
31,251	-25,931		
31,264	-25,561		
31,276	-20,745		
31,29	-13,521		
31,302	-3,519		
31,316	-0,741		
31,329	-7,779		
31,344	-9,817		
31,358	-15,374		
31,372	-12,595		
31,384	-12,595		
31,398	-21,115		
31,411	-15,744		
31,423	-18,893		
31,436	-6,853		
31,447	-5,001		
31,459	-10,187		
31,471	-4,631		
31,483	-28,154		
31,495	-27,969		
31,506	-17,226		
31,517	-30,191		
31,529	-30,006		
31,54	-24,264		
31,551	-29,08		
31,562	-16,485		
31,575	-20,745		
31,587	-19,634		
31,599	-19,263		
31,61	-16,855		
31,622	-20,004		
31,636	-17,781		
31,648	-18,152		
31,66	-25,746		
31,671	-28,339		
31,682	-30,747		
31,695	-35,748		
31,707	-39,453		
31,72	-38,526		
31,733	-33,34		
31,745	-25,005		
31,758	-7,409		
31,77	-7,038		
31,784	-6,298		
31,797	-4,631		
31,808	-9,076		
31,82	-11,669		
31,832	-6,668		
31,843	4,816		
31,854	0,37		
31,866	-14,077		
31,881	-11,484		
31,894	-4,445		
31,905	-10,002		
31,917	-10,558		
31,928	-23,523		
31,942	-10,928		
31,955	-12,225		
31,968	-6,298		
31,98	-4,26		
31,992	-3,704		
32,004	-4,075		
32,016	-11,113		
32,028	-8,891		
32,038	-8,891		
32,05	-0,185		
32,063	-5,927		
32,076	-8,891		
32,089	-1,482		
32,101	0		
32,114	-9,076		
32,127	-27,228		
32,14	-23,338		
32,153	-28,895		
32,166	-37,786		
32,178	-39,823		
32,191	-39,823		
32,205	-36,674		
32,218	-30,006		
32,23	-23,709		
32,242	-15,188		
32,253	-14,447		
32,264	-16,114		
32,275	-27,598		
32,288	-35,192		
32,297	-25,376		
32,308	-25,376		
32,319	-30,932		
